-62,-36,-40,-50,-52,-63,-60,-70
-76,-26,-58,-69,-22,-53,-66,-52
-83,-24,-57,-72,-54,-55,-39,-63
-54,-51,-50,-58,-62,-46,-55,-69
-73,-50,-70,-79,-53,-57,-73,-70
-73,-50,-51,-62,-77,-62,-51,-62
-67,-39,-44,-66,-46,-43,-52,-54
-71,-24,-70,-77,-80,-43,-49,-68
-42,-39,-55,-85,-70,-87,-66,-57
-52,-52,-49,-67,-56,-36,-37,-69
-65,-37,-66,-79,-66,-58,-64,-60
-76,-53,-60,-75,-62,-52,-54,-60
-54,-40,-53,-66,-65,-21,66,306
710,1201,1671,1994,2150,2052,1801,1473
1120,822,559,377,252,158,89,34
9,8,-12,-22,-24,-39,-26,-26
1043,18324,2212,8,7118,-62,0
