-179,-10,-39,-154,56,-192,67,-149
-32,-74,-66,-48,-89,-48,-119,-47
-100,-32,-62,-96,-20,-167,36,-171
-63,2,-236,190,-355,157,-186,-127
171,-377,268,-341,98,-28,-202,177
-340,206,-227,40,-81,-107,50,-205
66,-181,28,-105,-71,12,-170,31
-139,-4,-89,-64,-72,-64,-72,-71
-57,-80,-33,-89,-56,-58,-95,-51
-93,-43,-79,-89,-45,-79,-44,-121
4,-120,54,-212,111,-174,-2,30
-287,296,-446,253,-186,-138,268,-559
466,-518,192,-86,-264,338,-486,339
-396,153,-104,-162,163,-336,248,-340
112,-101,-140,139,-326,188,-232,-25
-29,-146,63,-159,4,-87,-63,-63
289,5079,315,1,1982841,-67,1770176414
