52,61,58,58,55,55,57,57,55,55,67,64,56,59,54,56
56,57,59,58,54,53,59,56,55,54,59,61,55,58,57,58
57,60,59,59,59,58,58,56,55,57,61,58,56,57,56,56
51,57,59,60,59,55,59,55,54,55,61,58,56,57,58,60
53,56,60,62,58,58,59,56,54,59,57,57,59,58,53,57
56,59,59,59,56,57,64,57,55,57,60,59,56,59,57,61
55,57,56,58,54,55,61,56,57,56,57,61,58,58,57,60
57,58,56,60,57,54,60,58,55,56,56,58,56,57,62,61
56,57,55,58,59,58,57,59,55,56,58,56,57,61,60,58
50,56,58,58,56,54,55,59,61,56,58,60,59,59,59,60
54,59,59,59,55,59,58,57,57,56,56,57,54,54,60,61
53,59,54,58,56,61,61,59,59,58,59,59,56,58,60,60
56,58,55,59,58,58,60,57,57,59,58,54,57,57,60,60
55,57,57,61,56,57,62,57,59,55,57,54,56,59,58,59
56,59,57,58,53,57,61,61,61,59,59,58,57,61,58,59
56,61,57,56,54,57,61,57,56,55,57,54,57,57,59,62
57,61,56,57,56,58,60,58,56,57,62,57,53,55,58,62
56,58,54,54,54,53,57,60,56,55,59,55,55,56,62,62
55,60,56,56,53,56,57,60,58,54,59,56,53,56,60,58
57,59,57,56,51,52,57,61,59,59,59,54,55,54,56,59
58,58,57,55,54,55,58,61,57,57,59,55,53,54,56,58
59,61,56,57,53,56,56,59,55,60,60,52,54,53,58,61
57,56,59,60,54,55,55,58,57,56,59,55,50,54,59,60
58,56,59,60,51,52,56,60,60,57,58,56,55,55,58,56
57,62,58,57,54,52,57,56,55,56,60,56,55,53,56,56
56,61,59,58,51,54,59,58,55,58,61,58,58,52,58,55
55,58,56,54,52,55,56,57,57,58,60,58,54,53,60,59
57,58,59,58,54,53,55,58,59,56,57,54,55,53,58,54
53,57,60,59,54,55,56,60,56,62,59,59,57,52,55,57
56,59,59,57,53,56,58,58,56,60,57,54,57,55,56,58
55,59,59,58,52,56,52,56,53,56,59,55,56,53,54,56
55,56,62,56,54,58,57,54,53,60,59,59,55,55,56,57
54,54,61,56,53,57,54,54,55,60,60,57,56,54,59,53
54,57,58,60,58,56,52,58,53,54,57,60,58,53,58,51
55,55,60,56,56,58,56,56,53,59,60,60,57,55,57,57
54,57,58,58,56,58,55,58,54,55,57,62,55,56,61,59
55,56,56,54,57,59,55,58,54,55,57,59,57,57,60,54
53,55,58,58,57,57,58,58,55,59,58,59,56,57,60,55
53,57,60,60,53,55,57,59,54,58,57,59,56,57,58,58
56,55,58,58,58,57,57,62,53,55,57,58,58,55,59,58
54,53,57,58,58,58,57,57,53,56,60,60,55,57,61,59
57,55,54,58,55,57,59,59,53,57,56,55,54,59,62,58
60,57,57,57,59,57,59,62,56,55,55,55,56,57,60,56
56,57,57,56,57,57,58,60,55,54,56,62,56,58,58,58
58,57,58,55,54,55,60,59,55,56,57,61,53,60,59,59
57,56,56,59,58,60,62,61,57,59,54,56,54,57,63,62
57,56,58,57,54,56,58,54,57,60,57,57,55,56,60,61
59,57,58,56,57,56,60,60,55,56,53,56,53,59,59,60
58,56,59,58,54,54,59,60,57,61,58,58,56,55,57,59
56,54,56,54,55,54,60,57,54,58,57,59,54,56,60,64
63,60,59,56,56,55,59,60,53,59,56,57,50,54,59,62
57,61,59,52,56,55,56,61,57,60,59,54,55,57,60,59
56,58,59,54,51,52,56,59,59,59,61,58,53,55,59,58
58,56,60,54,53,55,58,59,54,58,58,61,52,55,56,57
59,60,58,54,55,57,60,60,60,59,57,59,55,53,56,60
57,55,56,55,54,53,58,58,58,61,62,59,55,53,57,59
58,59,63,58,54,55,57,55,57,58,59,56,49,53,55,57
55,56,61,61,54,55,57,57,59,56,56,61,54,55,57,56
57,60,61,55,53,54,58,58,55,56,59,59,53,55,57,57
54,60,59,56,57,56,57,57,56,56,60,59,52,56,55,58
57,59,57,55,56,54,53,56,54,57,58,59,54,59,60,59
54,58,58,58,57,53,55,57,56,56,59,55,53,59,56,57
56,59,58,57,55,52,56,59,58,57,61,59,54,54,55,57
55,59,59,56,54,54,58,53,51,56,62,60,55,56,53,55
54,56,57,55,53,54,58,54,52,57,61,58,52,55,55,56
50,52,57,60,56,54,56,52,55,57,59,57,53,56,55,57
53,54,56,59,58,52,59,56,54,58,57,57,56,55,56,56
53,56,58,59,56,51,58,55,55,52,57,58,55,56,55,57
53,56,57,57,54,54,59,55,52,52,58,59,57,58,58,59
57,56,55,56,57,59,57,55,53,53,59,58,54,60,59,60
55,57,55,59,57,58,58,57,54,54,57,56,59,58,59,59
53,54,59,59,57,52,59,59,57,56,57,57,57,58,56,59
53,56,56,60,55,55,61,58,56,54,54,54,56,55,58,62
54,58,59,56,55,58,59,59,55,57,60,57,57,57,58,57
54,54,54,56,54,60,60,57,56,58,56,57,54,58,60,60
54,56,54,59,54,57,60,58,56,56,55,55,56,56,61,61
55,57,56,58,56,56,58,59,57,54,55,55,55,56,58,58
54,58,56,55,53,55,58,59,57,53,55,59,55,56,60,59
58,58,55,52,52,55,57,58,56,53,55,56,51,54,59,60
54,59,53,55,53,57,57,59,55,55,58,56,55,55,60,57
51,56,58,57,52,54,56,58,55,59,58,55,54,55,60,59
55,56,57,55,53,53,58,60,56,56,55,52,55,54,54,60
57,58,56,54,51,54,59,62,57,57,59,55,54,53,56,57
56,57,57,55,52,55,58,56,57,57,60,55,55,51,57,61
60,58,56,58,54,56,58,58,55,58,58,55,51,52,59,60
56,60,54,58,51,55,57,58,59,59,60,55,53,55,59,56
55,56,57,54,54,53,57,58,56,55,60,55,53,55,56,55
57,61,58,57,50,52,56,57,55,56,55,54,54,54,56,54
56,58,58,59,49,53,56,55,55,60,58,55,58,52,58,57
53,56,56,56,54,53,55,58,59,60,61,56,55,54,56,55
55,59,60,60,53,54,55,59,56,58,60,55,55,51,56,57
52,56,57,60,51,54,54,57,55,58,60,57,56,55,58,56
57,54,60,59,53,57,56,56,52,57,59,60,53,52,54,56
56,56,60,56,54,57,56,55,54,59,58,55,53,53,56,58
52,54,57,59,54,57,52,56,53,56,58,59,55,54,58,56
53,53,59,59,55,54,55,57,53,54,58,59,55,56,60,54
54,55,62,57,55,56,54,57,53,58,59,60,57,53,58,56
55,55,59,57,53,56,58,55,53,55,59,60,56,53,60,59
56,58,58,59,55,57,56,54,52,56,57,57,56,54,58,55
54,54,59,61,56,57,57,59,55,61,59,58,55,55,56,55
52,54,58,59,55,57,58,58,53,60,57,59,56,58,59,55
55,58,56,55,55,57,56,58,53,54,58,58,55,56,59,55
55,59,58,56,58,56,58,60,51,55,60,59,56,55,58,59
56,52,55,57,56,56,56,61,52,54,55,57,56,58,61,58
55,54,58,59,57,59,56,58,54,56,57,57,55,58,61,57
54,57,55,58,56,57,59,61,57,58,55,58,56,58,60,58
57,54,57,54,53,57,59,60,52,58,55,59,56,58,61,59
57,56,56,55,56,58,60,59,52,58,57,57,55,57,58,58
58,54,58,55,56,56,62,59,56,60,60,58,58,57,60,61
59,57,60,59,53,53,60,59,57,62,55,56,54,59,60,61
60,56,57,56,56,55,60,62,56,58,55,55,56,57,58,59
58,58,59,53,54,56,60,60,55,63,61,55,53,56,59,59
59,59,56,54,53,57,59,60,57,56,57,59,51,54,60,62
59,59,61,55,55,55,59,58,57,57,59,55,50,55,61,61
57,56,59,56,55,53,58,61,56,60,56,58,52,54,57,59
58,56,58,56,52,53,60,59,57,59,56,57,54,55,56,61
56,57,62,55,51,57,59,60,58,59,58,57,52,53,56,60
59,58,58,55,50,54,60,55,57,61,61,59,52,52,60,60
57,59,57,58,55,52,58,59,58,60,56,57,51,51,60,59
56,60,56,57,55,49,57,58,59,60,58,57,54,53,57,58
56,59,59,56,54,52,55,59,56,57,60,60,53,56,56,58
55,60,59,57,56,52,57,56,54,56,58,58,53,52,56,55
54,59,58,58,57,54,56,53,52,58,61,57,51,53,54,58
50,54,58,58,54,51,55,53,53,60,60,58,53,56,56,59
53,59,59,57,55,51,57,55,57,54,59,58,53,55,53,56
54,57,59,57,54,54,58,58,54,55,58,59,56,56,54,59
56,54,57,55,53,53,58,54,52,54,57,58,55,56,54,54
54,58,58,57,55,53,57,56,56,59,60,55,52,54,57,58
49,55,59,59,57,55,56,56,52,55,58,56,53,57,55,56
51,53,57,57,55,52,57,54,55,55,57,56,55,56,56,55
53,56,58,58,54,52,57,55,56,55,57,58,53,55,54,59
54,56,55,56,54,55,57,54,54,56,59,59,58,52,59,61
51,55,57,57,54,54,56,54,51,54,58,57,56,55,56,59
50,55,59,57,55,56,59,57,56,56,57,56,58,58,56,59
50,57,56,56,54,56,59,57,56,53,56,57,58,57,59,56
53,58,57,59,54,57,59,58,55,52,57,58,57,54,58,60
55,58,56,60,57,56,58,59,56,56,57,56,56,56,59,58
52,56,55,57,57,59,56,58,59,55,58,52,56,57,62,60
56,58,55,59,54,58,57,58,59,54,58,57,55,59,62,59
56,58,56,58,55,57,61,60,60,55,56,57,56,54,59,62
57,61,55,57,55,58,60,58,57,55,57,58,57,56,61,65
58,59,56,54,55,57,57,60,55,57,59,56,55,56,59,61
58,58,56,57,56,55,58,60,57,60,62,56,53,57,59,62
57,60,57,57,54,56,59,62,62,59,59,55,54,58,61,59
57,61,56,58,55,57,63,63,59,57,57,58,59,55,58,60
56,61,59,59,51,57,59,62,56,58,61,60,54,56,59,62
60,60,56,54,55,58,58,63,57,59,60,59,53,54,59,61
59,61,54,59,54,55,60,61,59,58,60,55,55,56,59,57
57,61,60,64,56,56,57,62,62,62,61,56,56,57,58,60
57,61,58,58,52,54,58,61,57,57,60,58,58,56,59,58
58,61,63,60,54,57,61,61,57,59,60,58,57,52,55,57
58,56,61,57,52,55,58,60,58,62,62,57,56,55,58,59
55,61,59,60,55,55,57,60,56,61,59,58,56,57,59,58
57,59,59,63,56,53,54,60,56,58,63,56,59,55,55,54
55,60,62,62,56,56,56,60,55,56,61,58,56,56,55,54
55,58,61,58,56,55,54,57,51,58,64,58,53,54,57,56
57,57,59,58,58,59,55,57,55,59,61,58,57,53,56,54
53,55,60,61,57,56,54,59,54,56,60,56,55,54,56,54
53,56,60,60,53,54,55,55,52,58,59,57,57,55,55,55
55,55,57,57,54,57,56,58,50,53,55,57,57,56,55,55
54,53,59,56,53,57,58,56,53,58,58,60,53,54,59,58
54,55,57,58,57,54,52,56,51,57,55,56,52,54,60,57
53,55,55,58,55,54,57,59,54,56,56,58,56,56,58,55
51,54,58,57,57,56,55,56,52,53,57,59,57,56,58,56
54,56,58,57,53,54,54,54,55,56,57,56,52,54,57,57
54,55,56,55,55,59,56,55,49,54,55,55,55,55,56,56
55,51,54,54,57,52,55,57,52,56,56,57,53,55,58,59
56,53,56,57,56,55,55,58,53,54,53,54,52,57,57,56
55,54,55,53,53,56,60,59,52,53,55,55,55,59,59,57
58,55,56,53,52,55,61,59,52,54,54,56,53,56,60,58
55,57,53,56,56,54,61,62,52,55,55,55,49,55,61,57
54,53,53,53,53,56,56,61,57,58,56,55,54,57,59,60
56,54,57,55,55,54,55,56,54,57,55,56,53,54,57,58
57,56,57,54,53,53,61,63,55,57,51,57,51,52,54,58
58,58,55,56,52,54,62,58,54,57,54,55,54,54,60,61
58,55,56,53,52,56,60,56,54,59,55,53,52,56,59,60
56,57,60,55,54,55,60,58,59,59,56,55,50,55,59,60
57,55,59,55,50,52,58,59,60,60,57,57,57,57,57,59
61,57,60,57,52,53,58,58,53,59,56,56,53,54,56,61
58,60,62,57,54,56,58,61,59,60,59,61,52,54,57,58
57,57,59,56,55,55,57,58,57,58,59,60,52,56,59,60
58,58,59,55,57,53,57,56,58,55,59,58,54,59,55,55
53,58,62,57,54,53,57,59,60,60,57,60,54,57,60,59
56,61,59,54,55,54,56,59,56,56,59,61,54,53,57,62
58,59,60,58,55,56,58,59,55,58,59,59,55,53,56,59
58,57,61,57,56,54,55,57,58,61,61,58,55,54,53,57
52,60,61,58,56,53,55,55,55,59,57,58,54,58,59,56
57,59,61,57,56,54,58,59,56,57,59,60,54,56,53,57
53,61,61,58,58,56,59,58,55,56,64,63,57,58,56,57
54,56,58,55,56,55,55,56,58,57,60,59,55,56,56,59
56,57,59,58,57,56,59,55,55,55,58,59,54,55,55,57
52,56,58,60,59,53,59,57,56,58,58,59,56,57,58,58
51,59,60,60,56,55,59,57,53,58,58,58,56,58,55,59
54,58,58,60,57,55,58,59,52,53,57,55,56,55,55,57
51,52,58,59,56,55,60,53,53,55,59,57,56,58,58,59
54,59,57,56,54,56,58,56,55,53,57,58,55,56,59,56
52,56,59,58,56,53,58,56,57,55,55,55,55,55,55,59
50,57,58,56,52,55,58,57,54,54,57,58,57,58,58,59
53,55,56,55,53,58,59,55,53,53,58,58,53,54,53,61
53,54,55,56,54,58,58,57,57,55,57,57,55,56,56,58
50,54,53,57,54,55,54,55,58,56,59,54,55,55,59,58
54,57,56,55,51,56,56,58,56,52,57,52,52,57,57,58
55,57,56,54,50,55,60,58,57,54,55,55,54,56,59,55
53,57,55,53,50,55,59,56,56,52,59,55,54,57,61,59
55,58,55,58,54,53,57,58,55,55,58,55,52,56,59,59
55,57,56,56,54,56,60,61,57,52,55,50,53,55,57,57
54,58,54,55,49,54,54,59,57,55,60,55,53,56,57,57
56,61,57,55,51,56,58,57,56,55,59,54,52,54,57,59
56,57,54,54,52,57,61,59,57,59,58,54,54,52,55,58
54,57,56,55,54,54,56,59,56,57,60,53,53,55,59,59
56,57,59,58,55,54,54,57,60,55,60,53,53,53,56,58
57,58,57,59,48,55,55,61,58,60,59,56,57,52,57,55
56,59,58,58,54,54,57,56,55,55,59,56,57,53,55,55
59,61,56,57,52,56,60,58,53,58,61,52,53,54,57,58
56,56,54,55,50,54,54,55,53,57,60,55,56,56,57,58
57,59,59,59,53,54,55,60,57,58,59,56,56,53,55,53
56,60,60,60,52,55,55,57,55,59,59,60,57,54,56,56
56,59,57,57,52,57,56,57,56,58,58,59,56,51,56,56
57,58,59,59,54,57,56,57,52,59,62,56,55,52,56,59
57,57,59,58,53,55,54,57,56,58,59,59,54,53,57,57
53,56,60,60,55,54,53,56,54,57,58,58,59,58,57,56
54,56,59,59,53,56,57,56,54,53,58,60,57,54,56,53
55,59,61,57,55,57,57,57,54,56,59,56,57,56,60,57
56,56,55,56,56,58,53,58,51,54,57,62,54,51,61,58
56,55,58,57,58,57,54,56,54,55,56,58,56,56,59,56
53,56,58,60,58,57,57,58,54,58,56,58,57,57,58,56
53,58,58,58,56,55,59,59,54,57,57,56,56,55,58,59
56,55,58,57,58,57,58,59,54,56,57,57,57,54,56,57
56,53,57,56,59,58,56,56,55,58,59,56,55,57,61,57
56,56,57,55,56,56,57,60,53,59,55,55,53,58,61,58
56,57,58,57,55,55,60,61,55,56,56,56,55,56,60,56
57,55,58,58,56,57,59,60,55,54,57,57,56,58,56,57
57,58,57,53,54,56,58,58,52,56,56,59,53,57,62,56
57,55,55,56,57,55,58,59,54,60,56,55,54,57,60,58
54,53,55,56,56,54,58,59,55,59,56,55,53,59,62,60
55,56,57,53,52,55,59,59,56,58,56,54,56,57,57,60
57,57,59,56,55,55,61,61,54,58,55,59,55,56,58,55
58,53,58,55,55,55,60,57,57,59,58,57,53,55,60,62
59,57,58,57,55,55,58,59,59,57,56,54,51,56,60,61
58,58,60,56,56,55,62,64,60,61,58,57,55,57,59,59
58,57,58,53,54,52,58,58,58,57,57,59,55,56,57,61
57,62,63,57,52,56,58,60,55,58,59,60,52,53,54,61
60,60,57,55,56,55,59,55,58,59,61,61,53,53,57,56
53,54,60,57,58,54,58,57,59,62,60,58,54,55,58,61
58,61,60,56,55,54,59,58,59,61,57,60,53,55,55,59
55,60,60,59,54,57,59,60,60,59,58,58,54,56,58,55
57,60,62,54,55,54,58,56,55,57,60,61,53,55,59,60
58,63,61,60,59,53,55,57,58,60,63,58,52,55,57,56
57,55,57,58,60,53,56,53,52,54,54,51,53,51,52,54
51,53,52,53,53,49,53,52,52,53,53,52,51,51,52,54
50,53,54,54,53,52,51,52,53,51,53,52,52,53,53,54
53,54,54,51,44,56,46,51,54,50,53,49,56,44,53,55
50,55,47,54,51,54,47,55,49,52,51,54,49,49,52,52
52,48,54,51,52,51,54,53,53,53,52,52,48,55,50,55
47,51,55,53,50,53,56,48,52,55,53,50,52,53,51,48
52,53,52,53,52,53,55,53,53,53,53,53,52,52,52,52
51,52,52,52,50,52,53,52,50,53,53,53,48,50,53,56
56,56,56,56,56,56,56,56,56,56,56,56,56,56,56,56
56,56,56,56,56,56,56,56,55,55,54,54,53,52,47,45
38,36,31,31,27,22,26,17,17,11,15,17,15,14,14,18
14,16,15,19,7,5,10,5,3,1,3,2,1,-1,-2,4
-4,-3,-3,-2,-3,1,3,0,0,1,0,-4,-2,-2,-2,-3
-9,-7,-7,-4,-4,-1,-5,-5,-3,-6,-5,-5,-9,-31,-57,-87
-114,-123,-116,-91,-73,-49,-25,-8,2,8,10,15,16,20,17,15
13,12,12,12,10,14,12,6,6,6,10,10,6,9,11,10
11,13,7,10,5,12,15,13,12,10,12,10,4,6,8,5
2,1,-1,3,5,6,6,7,7,5,7,2,4,7,11,15
8,11,8,7,9,8,8,7,3,2,1,1,1,4,9,7
3,3,7,8,4,6,7,8,9,7,9,11,10,11,13,11
8,11,5,1,-1,0,1,5,3,4,1,3,0,4,6,11
10,9,3,5,2,6,8,9,6,5,5,4,3,2,6,6
3,9,4,5,0,5,11,13,9,7,9,6,4,7,11,10
10,7,7,7,3,2,7,7,3,8,7,0,4,3,11,7
8,11,11,11,5,5,10,13,9,10,11,6,3,6,8,9
6,11,7,12,6,8,11,14,9,11,10,12,8,8,11,11
14,12,13,11,5,8,11,14,10,11,16,12,9,11,13,15
13,14,9,9,9,10,12,12,10,14,14,11,10,9,14,14
12,12,14,16,11,10,10,11,16,18,14,10,12,12,17,14
12,16,20,15,10,11,13,16,15,18,13,13,16,15,15,17
15,18,19,16,11,14,14,18,15,17,17,19,15,13,15,17
14,16,16,17,14,18,19,15,14,21,22,19,15,12,16,18
19,19,19,19,16,18,15,18,17,22,21,19,17,16,22,19
18,20,22,22,20,18,15,18,16,20,21,20,18,19,19,17
20,19,24,23,19,19,18,22,19,20,25,23,23,18,22,19
19,20,26,23,20,19,19,20,19,22,23,23,21,21,23,21
22,26,23,22,24,24,20,22,20,23,23,27,22,19,25,23
21,24,26,24,24,23,23,24,20,26,28,27,24,23,24,24
20,22,28,25,22,26,23,26,24,27,25,23,23,24,27,22
21,24,31,28,26,24,27,27,24,26,25,28,28,26,28,22
24,24,30,25,26,24,29,27,23,25,27,28,28,26,32,28
27,28,28,28,31,30,28,32,24,27,28,27,26,27,30,30
26,27,30,29,28,27,27,33,26,30,28,28,28,31,34,32
29,28,29,30,30,30,29,30,26,29,32,31,31,31,36,30
31,31,33,31,26,32,32,33,30,32,29,31,31,33,34,32
31,30,32,30,27,33,33,35,31,32,32,35,33,31,36,36
30,32,33,31,32,31,33,33,29,35,29,29,29,33,35,36
33,29,34,33,31,36,36,36,32,34,33,32,32,35,35,36
32,34,36,34,30,33,37,35,35,37,31,33,32,35,37,36
38,38,37,34,35,32,38,40,34,35,36,34,34,36,35,38
36,36,36,29,34,35,37,41,33,38,36,36,32,34,39,38
36,35,37,36,37,35,38,40,37,37,38,35,33,36,38,43
39,38,36,37,36,36,38,43,37,38,33,37,34,37,39,39
37,39,41,34,36,37,39,38,39,41,40,41,38,35,41,41
39,38,39,36,32,37,41,43,40,41,41,40,35,36,40,42
38,37,41,38,38,41,43,42,39,43,41,41,35,36,37,44
44,40,44,41,39,40,42,42,42,43,43,40,36,38,43,44
42,42,43,40,38,37,43,40,43,47,43,41,39,40,43,44
44,43,43,42,43,36,43,46,44,44,45,45,41,41,43,42
40,48,46,42,40,41,45,45,42,44,45,45,38,41,44,45
46,48,48,43,43,43,42,45,42,45,44,46,39,42,44,46
44,45,44,45,44,42,43,46,45,45,47,47,42,43,45,46
45,47,48,46,46,42,45,45,44,48,49,48,44,44,47,46
43,47,50,46,43,43,45,45,44,45,45,44,45,45,43,50
46,45,49,47,46,47,47,46,47,45,48,47,46,46,45,47
46,46,48,45,46,46,47,44,43,48,51,49,45,46,49,48
45,47,47,47,46,45,49,48,46,48,50,47,45,46,49,49
45,48,50,49,48,44,48,49,45,47,50,49,47,48,48,48
46,48,49,45,45,45,51,48,47,46,46,51,47,50,48,48
48,50,49,49,47,48,51,49,45,47,50,51,49,50,49,50
45,49,48,49,49,50,51,49,49,49,49,49,50,49,50,51
44,47,50,51,48,47,52,48,45,48,50,51,48,52,51,53
46,51,50,50,48,49,50,50,49,47,51,50,50,51,48,52
46,46,48,51,50,51,51,50,50,49,50,50,49,49,49,53
48,49,49,50,51,49,51,48,49,49,52,52,50,50,51,52
49,50,49,50,50,52,52,51,50,48,51,50,50,49,49,52
50,51,50,50,51,50,51,52,50,50,52,51,48,51,53,52
49,51,50,50,50,48,51,52,52,48,51,50,50,50,52,53
51,49,51,51,50,50,53,52,50,52,49,52,49,48,51,52
51,53,51,52,52,50,52,53,52,51,51,51,50,50,53,54
51,52,53,51,52,52,51,51,51,52,52,50,51,50,52,53
52,52,54,52,53,52,51,53,52,51,53,51,50,52,52,53
50,52,53,52,51,51,51,53,52,52,50,52,51,51,52,52
52,52,52,52,51,52,53,54,51,52,53,52,52,49,53,53
53,53,52,51,48,48,54,55,52,53,52,51,48,49,51,53
53,53,51,52,52,53,52,53,53,53,51,51,51,52,54,55
53,52,53,51,50,52,51,53,54,52,54,51,51,50,53,58
58,57,58,58,51,55,56,61,63,60,61,57,54,54,58,60
61,59,58,58,54,53,58,57,57,58,61,59,61,55,59,60
59,60,58,58,56,57,59,57,57,63,62,57,56,53,56,61
61,57,58,60,55,56,59,60,57,63,60,57,57,56,58,60
57,59,59,62,55,56,59,60,58,65,61,59,60,57,61,58
59,60,62,58,57,58,58,61,57,59,60,58,59,55,59,59
62,61,64,62,59,58,59,61,57,60,62,62,59,53,55,60
59,60,63,59,55,59,58,62,58,61,63,61,59,57,63,62
61,62,63,60,58,58,56,59,58,60,61,59,58,58,61,58
61,60,65,64,60,60,59,63,61,64,62,62,60,58,58,59
59,63,64,63,56,58,61,62,58,61,62,63,60,57,61,64
61,62,64,62,59,63,63,63,58,58,62,63,61,56,62,61
61,63,63,63,59,61,60,63,59,61,64,65,62,59,63,61
59,61,64,65,58,61,59,61,60,66,61,64,63,60,65,60
62,63,64,63,63,61,61,63,57,60,61,63,60,63,61,58
58,62,63,61,60,62,62,65,58,62,64,64,62,60,64,60
61,63,64,60,61,61,62,65,56,60,61,63,61,60,65,61
59,62,63,62,64,61,63,63,60,61,63,62,62,63,66,62
59,57,61,62,64,61,62,63,59,63,63,61,60,61,66,65
63,62,63,63,59,60,61,63,58,61,61,62,62,65,62,62
59,58,63,63,59,62,65,64,59,62,61,61,62,64,64,61
63,60,63,61,59,66,65,61,59,63,61,63,57,62,66,64
61,61,61,60,63,62,64,63,60,63,61,64,62,63,66,63
61,60,61,59,60,60,65,67,61,63,61,62,58,63,63,62
58,59,61,60,60,59,65,63,62,64,61,60,57,61,63,64
61,63,64,58,59,62,66,65,60,64,60,63,56,59,61,64
63,62,63,61,59,61,65,63,58,63,61,59,58,59,65,65
60,59,64,62,60,59,63,63,61,65,65,59,57,62,66,66
64,62,64,60,59,58,61,59,60,64,59,59,58,61,61,63
60,61,66,62,55,59,62,65,65,64,60,60,59,62,63,64
64,63,62,57,55,60,62,63,59,61,62,64,60,61,64,65
63,64,63,60,56,59,63,62,61,62,63,60,56,59,64,62
60,61,62,61,58,57,62,63,62,63,63,62,55,59,62,65
61,61,61,60,59,54,61,63,63,61,61,63,56,61,61,62
62,63,65,62,57,57,62,65,65,64,62,63,58,57,59,63
64,66,65,65,59,57,61,65,62,65,63,62,60,56,61,63
60,63,64,61,63,57,60,61,60,64,65,64,57,57,60,62
60,63,65,62,61,57,60,61,64,65,65,61,59,60,62,63
58,65,67,65,59,56,60,62,62,61,61,64,62,62,62,61
59,64,66,64,60,59,63,60,61,62,63,64,62,60,60,63
63,64,66,60,61,59,62,61,57,60,68,64,61,61,62,64
60,63,64,64,63,60,60,62,59,63,67,65,58,62,61,62
60,61,65,64,64,62,66,61,61,63,66,65,59,65,65,62
58,62,68,65,61,60,63,62,61,63,64,64,60,62,62,62
61,65,65,63,61,58,66,64,62,62,64,63,61,63,62,65
59,64,64,64,62,61,65,63,61,62,65,62,64,62,62,65
61,61,64,67,63,62,67,62,61,64,64,62,63,62,61,62
59,62,63,65,62,61,66,64,63,63,64,63,64,65,65,64
60,66,66,65,62,61,64,62,60,58,63,64,63,64,63,66
60,67,66,63,62,65,67,65,63,61,65,67,65,64,64,67
60,63,60,60,63,66,63,64,60,58,63,65,62,64,67,67
62,64,61,66,65,66,65,63,61,60,62,63,63,66,68,65
60,59,61,63,63,64,65,66,65,63,62,61,63,65,67,65
60,62,63,62,59,64,65,63,61,59,62,61,61,63,61,68
62,66,62,62,61,68,67,64,64,60,63,66,63,59,64,66
60,60,61,61,60,64,64,65,64,61,64,64,61,63,70,69
63,64,61,63,60,60,63,63,62,63,63,59,59,62,67,68
62,63,63,64,60,60,64,66,66,64,63,61,61,59,64,61
60,65,63,62,59,60,65,66,64,62,63,62,62,61,67,64
64,65,63,60,57,59,64,66,62,61,63,61,56,57,63,68
65,61,61,62,57,61,64,65,62,64,64,61,60,60,64,64
59,60,62,60,59,58,60,65,64,64,63,60,59,59,62,63
60,62,62,61,56,56,59,64,58,60,61,56,59,58,62,62
62,60,63,61,57,60,63,64,61,62,61,58,58,57,62,60
60,64,62,60,55,59,61,62,57,62,65,61,58,57,62,61
62,65,62,63,55,57,61,63,61,62,63,60,56,56,62,61
59,62,61,60,56,56,59,63,60,60,64,60,57,57,62,61
58,63,62,60,58,55,57,63,59,61,66,60,58,56,61,60
61,61,61,61,55,58,59,61,58,62,61,62,57,54,58,59
59,63,63,59,54,60,62,61,57,63,63,60,58,56,60,61
56,61,61,59,58,58,57,58,54,63,65,59,58,56,60,63
59,61,64,65,57,58,59,59,60,62,59,59,55,57,59,60
56,59,65,64,60,58,58,60,58,60,63,61,60,60,62,56
59,59,61,59,55,61,59,59,58,58,61,62,58,60,60,57
61,61,62,61,58,64,59,58,54,59,61,60,57,57,65,61
59,59,60,60,56,58,57,61,57,59,64,64,60,58,64,60
58,59,59,63,59,60,59,60,54,56,61,64,60,59,62,60
60,57,64,61,60,59,60,60,58,59,57,62,58,58,61,58
57,61,61,60,58,60,62,62,57,59,60,62,59,58,60,57
58,61,60,60,58,63,61,60,55,62,61,62,60,58,62,60
58,57,61,62,61,61,62,61,58,62,61,61,56,57,63,62
58,57,59,60,60,60,60,64,56,60,58,59,60,61,67,59
61,61,62,59,61,60,60,61,55,57,61,62,58,58,62,60
59,60,58,61,61,61,62,62,55,57,61,59,58,62,61,61
63,59,59,56,60,62,62,61,59,61,61,60,58,62,63,64
62,58,61,59,61,58,64,63,59,61,62,59,59,63,63,59
58,56,62,60,57,58,61,61,60,64,57,61,57,59,61,61
63,59,61,59,56,57,63,65,57,60,58,60,58,60,62,64
61,58,60,58,60,63,66,63,60,62,61,57,57,61,61,66
62,58,61,57,59,59,65,62,60,62,61,59,54,59,62,65
60,59,61,59,55,57,62,61,59,64,59,56,54,61,63,64
61,61,64,59,58,57,60,64,59,61,57,59,58,58,61,63
59,62,64,57,55,57,58,61,59,61,62,61,57,57,59,64
59,61,61,57,55,57,61,61,59,60,59,62,53,56,61,62
61,60,62,58,56,59,62,58,58,61,61,61,55,57,59,62
56,58,60,57,56,53,60,62,60,63,61,60,57,58,60,62
56,59,62,56,55,54,60,61,57,59,59,58,55,58,59,63
60,60,60,59,57,54,59,61,58,59,59,59,55,56,57,57
57,59,59,57,58,54,59,57,58,59,61,62,55,55,59,62
57,62,61,60,58,54,57,58,58,61,58,61,54,53,61,60
56,59,60,58,61,56,60,59,58,61,62,58,56,59,58,59
55,61,61,59,57,53,57,59,59,58,59,63,55,62,60,58
56,62,59,57,54,54,58,57,58,55,59,61,56,58,56,59
54,62,59,58,58,54,55,57,58,58,62,63,58,58,58,59
54,58,58,60,61,54,55,56,55,57,63,60,56,58,58,57
54,59,61,62,58,57,59,56,56,57,59,55,57,57,55,57
54,58,58,59,57,55,61,57,54,57,60,59,58,61,57,55
54,56,58,59,56,55,59,56,55,55,59,59,58,55,53,60
54,59,57,61,60,56,59,58,55,59,60,57,55,55,59,59
53,56,56,57,57,57,58,58,57,58,59,58,56,59,58,61
55,58,57,59,59,58,58,57,54,55,60,55,58,59,58,60
55,58,59,60,56,57,60,58,55,56,58,59,57,57,57,59
56,57,56,57,55,58,62,58,58,55,59,61,58,57,58,63
55,55,59,60,56,56,59,53,53,57,60,56,57,54,60,62
55,56,56,61,57,58,60,58,59,57,56,57,56,56,56,60
55,55,56,57,56,58,59,58,59,55,57,57,60,61,62,60
54,58,56,57,57,61,61,60,57,54,56,56,54,56,61,62
57,60,58,57,56,57,63,59,57,58,59,56,55,57,59,61
58,56,58,57,56,58,60,61,59,56,58,56,57,56,60,61
57,58,56,60,56,57,58,61,59,55,59,56,56,57,62,59
57,60,58,58,55,59,61,62,59,57,58,58,56,57,59,59
57,61,57,57,53,56,62,62,57,59,60,54,57,56,58,61
58,61,59,56,55,58,60,60,58,59,61,55,56,55,59,62
57,58,59,58,55,58,59,61,61,60,62,55,53,55,59,60
58,58,58,59,52,54,55,60,57,60,59,53,55,57,61,58
60,58,60,59,54,54,57,63,58,55,58,57,55,51,55,56
58,62,58,56,53,56,58,61,58,57,62,60,56,57,57,58
60,61,59,56,52,55,56,58,55,58,60,57,55,55,58,61
61,60,60,60,55,56,59,58,59,59,58,55,54,54,59,57
56,61,58,62,56,51,54,59,55,60,60,55,54,54,60,58
58,62,59,58,54,53,58,61,55,59,59,57,58,53,55,60
58,58,59,58,54,55,60,60,56,57,57,56,56,53,55,57
58,57,57,61,54,57,57,56,54,61,61,54,53,54,55,57
57,58,56,61,54,56,54,58,56,60,59,56,53,54,59,58
55,59,59,60,55,53,54,58,55,59,58,59,57,53,56,56
54,59,58,56,55,56,55,60,59,55,58,60,57,54,56,56
58,59,60,56,57,56,55,57,51,55,60,58,53,53,60,57
56,58,61,59,59,59,55,56,54,58,60,60,56,56,58,56
54,56,57,57,56,55,53,54,52,58,61,59,58,57,62,57
52,55,58,60,53,55,57,57,53,55,55,59,59,57,54,56
54,55,60,59,56,58,58,59,56,54,57,62,60,54,58,55
53,55,56,57,57,59,57,55,54,56,59,58,58,55,57,55
56,57,59,57,58,57,57,60,54,57,55,58,54,58,62,59
55,56,57,57,55,57,56,62,52,57,57,56,56,60,60,55
55,56,57,53,56,54,54,58,57,55,56,57,55,57,62,60
59,56,59,58,54,58,59,60,54,56,56,58,54,55,59,58
59,55,55,56,57,56,63,59,56,61,58,58,56,58,58,60
57,56,54,55,57,58,61,57,54,58,56,56,56,57,58,59
57,56,57,58,57,57,61,60,57,57,56,56,55,58,57,59
58,55,58,57,55,57,61,63,58,58,58,57,59,58,60,59
59,56,58,57,57,56,61,62,56,56,57,57,57,56,60,62
61,58,58,57,55,56,61,61,54,59,58,56,55,57,61,61
59,57,58,54,56,59,60,61,56,60,56,56,54,59,62,61
59,57,58,56,55,55,60,61,58,58,56,57,54,57,58,61
58,59,61,57,53,55,60,59,58,60,57,60,55,54,59,60
58,59,59,56,55,55,61,61,58,59,58,61,57,53,58,61
59,58,59,56,55,56,60,58,58,61,60,60,52,55,59,60
57,57,61,56,54,55,57,58,61,59,57,57,52,54,57,62
57,59,61,57,51,52,59,61,58,58,54,57,55,56,57,59
57,57,61,57,56,51,57,59,57,56,59,60,56,53,58,59
57,62,61,57,57,54,60,60,57,59,60,59,53,52,57,57
55,58,58,55,57,52,56,59,56,59,59,58,54,55,57,60
57,60,58,57,59,51,54,60,62,61,62,65,58,60,59,60
61,62,62,62,60,58,61,59,62,60,62,63,61,61,61,60
58,62,61,59,59,58,61,60,60,61,63,62,59,63,62,61
58,65,62,59,64,57,61,64,63,56,80,57,59,59,63,58
58,65,62,62,61,61,58,59,61,64,62,63,61,60,59,59
61,59,63,60,60,57,62,60,63,62,60,66,59,62,58,63
57,65,59,66,60,58,59,63,59,62,61,61,60,62,59,64
59,65,62,63,60,57,61,58,58,61,62,61,59,61,58,58
62,61,61,62,61,59,61,60,60,59,64,62,60,62,61,56
56,56,56,56,56,56,56,56,56,56,56,56,56,56,56,56
56,56,56,56,56,56,56,56,56,57,56,58,61,66,67,75
70,85,84,87,88,91,100,95,98,101,102,101,104,103,101,97
97,101,101,103,104,110,115,113,109,111,116,115,120,121,118,121
120,119,122,123,118,120,121,120,115,116,117,116,119,122,126,129
120,126,123,124,122,125,127,122,126,127,124,122,130,152,187,215
236,251,244,224,197,172,149,133,115,106,101,98,96,97,104,104
99,101,104,106,106,107,110,107,106,101,107,108,105,106,109,107
105,108,109,105,104,109,107,106,107,104,109,107,106,108,113,114
112,116,111,112,110,112,114,111,113,110,113,110,108,107,112,113
109,108,109,106,109,109,112,112,114,115,117,115,114,114,120,117
110,115,112,114,108,111,112,116,110,109,108,106,106,106,109,109
105,112,111,114,114,113,121,124,120,115,116,113,111,113,115,112
110,113,111,108,110,112,115,113,112,114,116,114,111,113,119,118
117,118,113,114,108,111,113,114,111,112,112,105,106,109,115,115
111,114,107,110,109,110,112,115,112,115,116,110,107,110,112,112
111,113,108,109,106,103,108,111,108,108,110,108,108,110,114,111
113,114,112,112,105,108,109,111,109,108,111,109,103,105,108,110
108,110,107,105,98,105,107,108,108,108,110,106,104,104,105,109
108,110,109,106,105,105,108,107,104,107,109,104,102,101,106,103
102,105,106,107,98,101,103,104,104,107,107,100,103,102,104,103
103,105,105,105,97,100,102,106,99,103,99,99,100,98,98,98
99,103,101,103,99,101,104,104,97,100,106,105,102,98,101,100
100,105,101,100,96,98,100,99,96,103,101,100,98,96,99,102
98,100,102,101,98,97,95,99,94,99,99,98,96,93,100,100
97,99,99,99,98,95,97,97,96,98,99,96,96,94,97,92
96,100,98,95,92,95,93,99,95,98,95,96,94,93,96,92
94,94,96,98,91,92,95,94,93,95,98,98,97,88,93,93
90,94,95,97,90,93,92,91,90,95,93,94,93,88,93,92
95,90,94,94,92,91,91,89,89,91,94,91,89,91,93,89
87,90,93,95,87,89,90,92,91,91,91,93,94,90,93,88
89,88,90,91,90,89,89,91,83,85,91,88,90,85,90,88
86,89,92,87,87,89,89,88,83,86,90,90,87,87,86,86
86,86,86,90,85,89,84,86,81,85,87,87,85,83,88,86
84,84,87,86,86,86,88,87,81,84,83,85,84,85,84,80
81,85,85,84,83,83,82,86,82,82,83,85,84,85,86,84
84,81,82,81,80,82,85,85,79,83,81,81,81,82,85,85
80,82,83,80,81,86,86,83,76,83,81,83,81,80,81,82
82,75,79,79,79,82,83,83,79,81,81,81,78,79,84,83
82,79,79,81,79,78,79,83,78,80,78,77,75,80,83,82
77,77,79,81,78,77,82,83,78,78,75,78,76,80,80,80
77,77,80,77,77,76,81,81,77,80,77,77,74,76,80,78
78,78,79,76,73,76,79,79,73,78,79,77,73,74,80,81
77,78,74,75,78,80,81,77,74,77,75,76,73,75,79,79
74,71,75,74,76,72,77,79,77,77,73,74,71,77,80,78
72,74,77,73,72,72,78,79,73,75,73,74,75,77,72,77
77,74,78,72,70,75,79,75,76,74,73,73,70,73,74,75
77,73,74,70,70,72,76,75,72,74,74,73,68,70,75,78
74,72,72,71,71,71,74,75,74,75,72,71,68,68,71,73
71,74,74,68,68,67,71,75,73,76,72,71,66,72,73,73
71,73,75,69,68,67,70,71,75,73,73,72,67,67,69,71
71,73,72,67,65,67,72,72,72,70,71,71,65,67,68,71
69,72,71,68,67,69,72,70,70,71,71,71,66,68,70,72
68,68,70,70,68,66,68,67,69,71,74,68,67,68,70,69
66,71,74,70,68,66,65,69,73,69,67,69,68,67,68,68
68,72,73,69,68,65,70,70,68,67,70,68,67,67,65,65
67,68,67,66,66,64,67,66,64,67,71,68,66,65,65,67
65,68,68,65,68,63,67,64,65,69,71,69,65,65,64,68
64,68,66,65,66,63,65,63,66,67,71,67,65,68,65,64
62,68,66,65,65,65,64,62,65,64,66,66,66,64,65,62
63,68,68,68,63,61,67,64,66,65,67,64,63,66,63,63
63,65,64,67,63,63,64,63,61,65,67,65,65,63,63,66
63,64,63,65,65,65,64,62,62,63,66,64,64,65,63,65
60,64,65,67,62,63,65,61,64,65,65,63,63,66,64,65
59,62,63,65,62,63,66,62,62,60,61,63,66,62,64,64
60,65,64,62,63,61,65,61,61,60,63,64,66,62,61,64
60,65,62,62,61,64,67,64,61,61,64,62,63,62,63,64
60,64,61,62,62,61,63,64,61,61,62,62,61,62,63,63
61,63,61,63,61,62,62,61,61,62,61,61,61,62,64,63
60,62,61,64,60,62,65,62,63,61,61,61,62,60,62,64
61,62,61,61,59,60,63,62,60,60,61,60,61,61,64,64
60,63,61,60,60,63,63,62,61,62,60,60,61,59,63,65
60,61,60,61,59,62,63,63,64,61,61,61,60,61,65,62
59,62,60,62,57,60,60,62,62,60,61,59,59,63,64,61
60,62,61,63,59,62,63,64,60,58,62,59,59,60,63,61
60,64,59,61,60,60,63,63,61,60,61,60,61,59,61,62
60,63,58,60,59,59,62,64,59,59,61,60,59,59,62,63
59,61,60,61,59,61,62,61,60,60,62,58,59,61,63,60
59,59,59,61,58,61,60,64,61,60,62,60,58,59,61,56
54,57,57,54,51,54,55,57,56,58,56,51,53,53,56,58
58,58,58,56,49,53,57,61,55,55,56,55,51,48,53,57
57,57,56,56,52,53,57,56,55,58,58,53,51,52,55,59
59,58,54,58,50,53,53,58,57,56,55,54,54,51,56,55
55,57,55,58,53,50,52,57,55,57,58,53,52,52,54,55
54,57,58,55,51,51,53,55,55,58,58,56,53,49,53,53
54,59,57,55,46,51,51,53,49,55,56,55,50,48,52,55
53,58,55,53,50,53,55,55,52,54,56,55,52,49,54,54
50,51,54,57,53,52,53,52,52,57,56,52,52,48,54,55
53,54,57,55,51,53,53,54,52,53,54,55,52,51,52,52
50,54,55,54,51,52,53,54,49,50,55,52,54,49,53,51
53,50,54,52,49,54,54,50,48,52,53,54,51,51,54,52
52,52,54,54,51,52,52,54,48,52,51,55,52,49,53,52
48,49,54,53,50,50,50,54,50,54,54,52,54,50,55,49
50,51,53,55,51,48,49,53,50,51,51,53,50,52,55,51
50,50,54,49,49,51,53,53,48,51,52,53,50,50,56,51
48,50,50,50,53,54,53,53,47,49,53,54,52,52,53,52
48,48,51,51,48,52,51,53,48,53,52,49,48,51,53,52
50,47,51,53,54,52,52,53,48,51,51,50,49,49,51,49
47,48,51,54,48,51,51,53,48,50,50,52,53,50,52,50
51,49,49,50,48,49,52,51,44,48,48,50,49,50,52,50
51,50,51,50,49,52,52,53,48,48,48,47,48,51,51,51
49,47,49,48,48,51,52,52,48,51,48,50,48,52,53,51
49,49,50,54,53,48,51,50,47,47,47,51,47,52,53,48
50,47,50,49,49,49,51,53,47,52,48,49,47,49,52,52
48,48,47,46,47,47,52,56,48,52,49,50,47,46,52,54
52,50,48,46,45,50,53,53,47,52,45,46,47,47,50,53
53,48,50,48,47,48,54,52,51,51,51,48,46,47,51,54
51,50,49,50,47,46,52,54,52,52,47,47,45,49,53,54
53,53,53,47,49,46,53,54,50,53,50,50,47,48,50,53
48,53,54,46,48,49,51,53,51,51,51,50,44,49,51,54
53,50,51,47,47,47,50,53,50,52,49,49,46,49,55,55
52,50,50,50,50,47,54,53,49,54,51,50,47,48,53,50
48,49,52,49,50,47,54,53,54,52,49,53,50,48,51,55
52,53,54,51,48,46,52,53,51,53,49,55,48,49,49,56
50,53,55,48,48,49,53,51,50,54,53,54,48,45,51,53
51,54,50,53,48,49,53,51,52,55,53,53,45,50,50,54
52,53,55,49,50,47,48,50,53,54,50,51,48,50,52,53
47,55,55,51,51,44,51,52,51,51,53,54,49,49,49,52
48,55,55,52,52,46,51,51,50,52,57,55,49,49,51,53
52,54,55,52,51,47,49,51,50,52,55,54,47,48,51,55
50,52,53,52,51,49,49,48,49,51,53,53,49,52,50,51
48,50,52,56,48,49,53,52,50,52,55,52,50,53,51,52
49,53,56,52,48,49,53,50,47,49,54,50,48,52,50,51
46,51,54,52,49,52,55,52,49,49,54,55,53,53,48,52
50,49,52,54,52,52,55,48,49,51,55,55,51,54,53,51
50,54,52,54,50,50,53,50,47,50,53,52,50,53,52,54
48,51,53,52,50,48,50,50,50,52,53,51,50,54,49,52
50,51,52,55,50,51,51,49,51,50,52,51,51,53,53,52
49,51,54,52,46,50,51,52,47,49,53,54,51,51,49,51
46,51,51,52,50,50,53,50,48,50,54,52,52,49,53,56
48,49,50,52,52,50,52,49,51,51,50,48,49,51,53,54
47,48,52,51,49,49,52,51,52,48,50,48,51,52,50,55
45,49,50,51,46,48,55,55,54,46,49,50,49,51,53,50
49,50,48,50,47,51,53,49,47,49,51,49,49,47,54,55
52,51,48,50,52,50,54,51,49,48,51,50,47,49,52,54
47,50,48,50,47,52,51,53,51,49,49,49,50,51,52,55
49,51,50,52,48,46,50,51,51,46,50,49,48,47,52,51
52,52,49,48,46,49,53,54,53,51,52,49,48,47,51,53
50,53,49,47,45,50,56,56,53,53,52,48,47,48,53,55
47,52,49,48,46,47,46,50,49,51,53,48,47,47,52,54
50,51,52,51,45,48,50,55,53,50,53,47,46,48,51,53
50,51,51,52,45,46,52,57,52,50,49,48,48,50,51,52
52,54,51,50,48,48,50,53,50,49,51,50,48,46,51,50
52,54,52,52,46,48,51,54,50,51,55,48,47,47,52,54
52,51,51,49,48,49,48,52,48,52,54,48,46,46,54,55
53,52,50,54,50,48,49,52,51,52,52,49,51,48,55,51
53,52,53,54,48,47,51,52,54,54,54,54,52,47,51,54
51,54,52,52,47,48,51,55,52,53,54,52,54,46,52,51
53,55,53,50,49,51,51,54,48,54,55,50,51,49,52,51
52,51,54,55,50,49,51,52,52,58,55,51,49,49,52,53
51,52,54,55,49,50,50,53,52,56,53,50,51,51,52,53
53,55,56,57,54,50,52,54,48,52,54,54,54,47,54,50
50,55,59,52,51,52,51,52,51,56,54,55,52,49,50,53
52,52,51,54,50,52,49,54,50,54,54,58,50,51,55,54
51,52,56,55,53,54,52,51,50,51,54,56,54,53,54,51
51,52,55,56,55,57,53,54,52,55,54,58,57,52,57,54
49,53,57,54,50,53,54,55,49,54,52,54,54,54,54,54
53,54,56,55,53,54,56,56,49,54,52,56,54,51,53,51
51,51,54,53,54,54,56,54,53,55,56,57,54,53,56,54
54,53,54,55,55,53,54,57,48,53,54,53,52,51,55,52
52,51,55,57,53,54,55,58,54,54,53,57,54,53,57,54
48,51,55,53,55,53,54,57,50,52,54,55,53,56,55,52
55,54,56,54,54,54,57,58,47,48,52,57,52,54,57,56
54,51,52,52,54,55,56,55,50,54,52,56,50,53,56,54
54,52,52,53,57,55,56,58,50,55,51,53,53,55,56,55
51,52,56,52,51,52,56,55,52,52,51,53,50,54,54,56
53,52,55,53,48,55,57,58,53,54,53,56,51,54,58,53
52,50,51,50,49,54,57,54,51,54,54,54,50,55,57,56
56,54,53,52,54,47,57,53,52,54,53,50,50,52,56,55
53,53,53,51,50,53,55,56,51,56,53,50,50,55,57,56
55,53,54,52,51,51,53,57,52,56,51,52,50,54,55,57
56,53,57,50,48,50,55,56,51,53,52,54,48,50,52,56
54,53,56,54,53,51,55,56,56,58,53,54,50,48,53,57
53,52,54,52,51,50,53,53,55,60,57,55,49,52,55,58
56,54,58,52,50,49,51,55,54,57,50,53,49,50,53,56
52,55,56,53,51,50,56,58,55,58,53,53,49,53,54,55
55,53,56,51,50,50,54,55,53,54,56,56,51,48,53,57
54,55,58,53,50,49,56,55,52,55,55,56,48,50,56,55
55,54,53,51,54,53,54,51,53,55,53,53,49,51,55,58
54,54,57,56,52,49,53,53,55,54,54,57,51,51,54,53
50,56,56,52,52,50,53,55,55,55,56,58,53,54,55,53
53,59,58,53,51,50,55,55,52,56,56,56,52,52,54,54
53,55,58,56,55,51,56,54,54,56,57,56,54,55,53,55
52,50,53,57,53,51,53,54,56,57,57,57,51,54,53,57
50,53,56,57,55,52,55,54,55,53,57,57,53,55,54,56
52,57,57,56,56,53,58,56,52,52,57,58,56,54,53,52
54,56,60,57,55,52,60,53,54,54,57,55,51,54,58,54
54,55,55,58,57,55,55,54,51,52,56,56,54,55,59,56
52,56,56,56,57,55,56,53,51,53,55,55,55,55,57,55
49,53,56,57,54,53,56,54,53,55,55,57,56,55,56,58
51,55,58,57,52,55,60,55,52,54,57,56,57,57,55,59
53,56,56,53,53,57,57,54,50,51,57,55,55,56,57,57
53,53,56,55,54,56,58,54,54,53,58,56,55,54,57,56
52,52,56,56,55,57,56,53,54,56,55,55,56,57,59,58
51,54,53,59,57,57,56,58,57,53,53,53,58,56,54,58
52,58,56,57,53,57,58,56,58,54,57,56,56,56,57,56
55,57,55,53,53,58,59,58,56,54,57,55,52,55,61,57
56,58,55,55,53,57,59,57,56,57,56,55,54,55,59,58
54,55,54,56,53,54,57,58,57,57,54,51,56,52,62,60
54,57,56,55,52,55,58,59,58,55,52,51,54,57,56,58
54,57,54,57,50,57,58,60,57,56,57,57,52,52,57,58
56,56,54,53,51,54,57,57,56,56,58,54,54,55,58,60
58,57,51,54,53,53,56,58,56,57,59,53,51,53,59,58
54,57,56,56,53,54,55,61,56,55,57,56,53,54,56,56
54,58,58,54,51,52,55,59,56,55,60,56,54,53,55,57
56,60,58,57,50,53,55,59,53,57,59,53,51,52,58,57
57,60,54,55,52,56,55,58,56,56,59,55,53,51,56,60
56,56,56,57,52,52,55,55,55,59,59,51,55,54,58,57
58,58,57,60,50,52,54,56,56,57,55,55,53,53,55,57
54,57,57,58,51,53,55,59,56,59,60,58,57,56,53,55
54,58,57,56,52,53,55,54,51,55,60,55,56,52,55,56
58,58,57,59,53,53,55,59,56,58,59,53,53,53,55,57
54,57,57,57,52,55,53,59,55,60,62,55,56,55,57,57
54,57,61,57,53,53,55,58,53,54,58,57,58,53,55,53
55,58,62,57,53,55,54,58,56,58,58,59,58,54,56,54
58,58,57,58,55,56,56,56,54,57,58,59,54,52,57,58
56,56,56,59,54,57,56,57,54,58,58,57,57,54,61,57
54,54,60,60,56,58,56,57,56,59,61,59,56,53,58,53
53,55,60,58,53,56,57,56,54,56,59,59,58,56,57,55
56,60,60,59,56,55,60,57,52,58,59,59,59,56,57,56
57,59,58,58,58,58,57,58,52,55,59,59,54,55,60,55
55,55,57,58,58,56,57,59,53,57,56,58,57,57,61,58
56,54,57,59,57,56,56,58,56,58,57,59,54,58,59,54
56,57,56,58,60,58,58,60,53,57,55,59,57,55,59,54
55,55,59,56,55,56,59,61,52,55,58,57,56,58,61,62
58,58,57,56,55,57,59,59,52,57,56,54,56,56,59,58
57,53,57,56,59,57,57,58,55,59,60,57,54,60,60,60
57,54,56,58,54,57,59,60,56,59,55,57,56,58,60,58
58,56,58,56,54,55,61,61,57,57,55,57,53,56,59,58
58,57,59,53,53,56,61,58,55,60,60,60,52,55,58,58
58,55,57,55,55,55,59,62,55,57,54,57,53,58,62,61
59,55,58,58,57,57,62,57,59,58,55,57,54,56,59,58
57,56,58,55,56,52,58,58,56,60,56,56,53,54,58,61
57,57,59,53,54,54,59,58,58,59,55,56,53,56,59,60
58,58,59,54,54,55,60,61,56,57,57,56,54,56,57,60
58,55,57,53,54,54,60,57,56,60,58,57,53,55,58,61
58,59,59,55,53,53,57,60,57,61,58,56,52,53,56,59
56,58,59,56,56,51,57,59,59,57,56,57,54,54,57,58
53,59,59,55,52,51,57,56,58,58,58,57,52,54,53,58
56,58,59,52,54,52,55,56,55,59,60,59,51,52,56,59
56,60,57,57,54,51,57,56,59,59,56,59,53,52,55,56
53,54,59,56,56,51,55,60,61,63,62,63,59,60,60,61
60,62,66,62,60,59,60,59,60,62,60,62,58,60,59,59
58,60,62,60,58,58,61,59,60,61,63,64,59,61,62,57
57,97,56,59,65,77,56,69,59,58,57,74,56,56,63,85
56,56,118,56,58,57,66,57,59,77,58,61,56,71,58,57
58,67,60,59,69,61,59,57,65,58,63,61,70,57,73,56
68,67,57,61,57,58,57,57,59,63,72,63,63,67,56,90
58,63,66,70,59,56,64,71,58,59,57,62,56,57,56,57
57,64,60,64,62,67,65,62,64,65,61,61,56,56,56,56
56,56,56,56,56,56,56,56,56,56,56,56,56,56,56,56
56,56,56,56,56,56,56,56,56,56,56,56,56,56,56,94
151,216,266,334,377,438,491,537,568,616,641,673,674,692,720,723
738,750,780,794,794,802,824,837,846,864,890,898,937,953,963,977
992,1008,998,987,1005,1011,1007,997,1008,1011,1016,1024,1036,1030,1034,1041
1037,1038,1049,1063,1068,1074,1081,1087,1078,1122,1215,1349,1487,1625,1718,1786
1810,1833,1830,1818,1791,1760,1742,1716,1695,1628,1519,1361,1204,1058,941,861
804,773,755,755,757,766,774,788,796,802,809,809,803,815,820,817
811,812,808,804,805,807,809,809,811,813,816,824,830,837,844,850
853,856,859,862,872,877,882,883,881,880,881,877,867,860,858,859
852,853,855,861,859,867,873,875,880,885,889,891,894,901,909,905
904,910,906,903,898,897,890,880,870,856,848,845,839,841,851,855
857,869,872,878,880,886,897,903,904,909,918,920,921,923,924,919
909,908,899,892,885,886,888,891,891,895,898,897,901,899,904,906
905,904,901,897,894,891,892,893,886,884,882,876,868,864,868,866
859,859,856,860,861,865,868,871,871,871,872,868,866,868,872,866
863,863,858,856,848,847,849,848,845,843,842,838,841,838,842,842
839,843,841,841,837,838,842,841,840,837,838,829,826,823,824,825
819,819,817,812,807,807,808,809,804,802,799,793,795,792,798,799
799,799,800,800,795,795,794,795,793,793,793,785,784,781,783,785
780,775,773,772,766,766,767,769,767,768,767,764,762,761,766,766
764,766,762,759,752,748,752,751,744,743,739,734,733,731,726,729
727,734,732,734,727,728,731,735,732,732,734,729,729,722,720,724
720,717,714,712,707,706,707,707,704,704,706,702,700,701,704,701
705,707,703,702,699,698,696,694,693,694,692,683,681,677,678,677
671,673,674,674,668,667,671,672,669,676,674,673,672,666,669,668
665,667,669,664,656,660,655,658,654,656,652,652,651,648,648,647
644,646,649,645,640,641,640,641,638,638,640,637,632,627,629,627
626,623,625,625,621,623,619,617,615,619,621,617,614,612,614,613
612,610,612,614,608,608,602,601,600,604,602,602,598,598,600,598
595,594,595,591,589,587,590,589,584,585,585,584,585,576,581,577
573,575,578,573,573,572,566,567,561,562,563,561,559,556,559,555
554,555,555,551,549,554,553,551,546,548,550,550,545,544,546,540
542,541,538,537,535,538,533,531,524,526,524,525,524,520,524,521
514,514,518,518,516,516,514,514,505,512,507,508,508,504,506,500
494,497,498,498,495,493,493,494,488,492,487,489,488,488,487,485
483,484,484,482,481,481,479,480,472,473,473,473,469,470,470,468
468,467,463,464,465,464,463,460,457,458,460,458,454,453,455,452
452,445,445,444,445,443,444,446,438,440,440,438,435,438,441,438
439,434,435,431,432,436,432,433,428,429,426,425,425,425,427,423
421,418,418,417,416,415,417,419,411,410,410,411,408,413,413,410
409,408,406,402,401,403,402,405,398,399,397,398,395,394,395,391
393,391,389,386,386,389,391,393,386,389,384,383,382,379,386,386
382,379,381,376,376,376,377,375,371,376,372,371,367,368,370,373
366,363,366,365,361,362,363,362,358,361,356,354,351,354,355,357
352,349,352,350,343,345,348,350,349,352,347,342,343,342,344,345
342,339,341,337,334,335,337,338,332,331,332,331,324,326,328,330
327,326,327,321,321,321,323,323,317,322,317,317,310,314,317,318
313,312,309,306,305,307,309,312,307,308,306,306,299,305,306,307
303,300,300,296,294,291,295,298,294,294,295,292,286,288,289,290
286,289,288,283,277,277,282,285,283,279,278,277,271,275,275,275
272,274,271,269,266,266,270,271,265,268,266,267,259,262,262,263
261,262,262,259,256,254,258,257,253,259,258,257,248,249,250,254
250,249,252,245,245,243,247,244,246,249,245,240,233,237,239,240
235,239,239,237,232,228,233,233,234,229,230,230,227,229,229,227
225,231,229,224,225,220,224,226,221,220,221,224,219,217,215,216
216,219,219,215,216,210,212,212,211,210,211,213,205,205,203,205
203,207,205,203,203,197,200,199,199,200,205,204,196,200,199,199
195,197,198,197,196,191,192,190,192,194,194,193,188,191,191,189
183,188,191,190,185,181,183,183,183,185,183,185,180,180,177,178
175,178,179,178,174,170,175,171,171,171,174,173,172,171,168,172
168,169,171,170,167,164,167,165,162,164,163,164,162,164,158,161
158,158,161,163,158,155,158,154,153,156,158,157,153,152,148,150
147,148,148,151,148,145,149,146,146,147,147,147,143,145,145,144
139,140,144,144,140,137,142,138,136,139,137,138,136,137,136,134
130,136,135,136,134,132,134,131,128,128,131,132,130,129,125,128
125,131,128,124,123,124,128,124,119,121,122,122,119,118,120,123
118,118,120,122,117,119,120,114,114,113,116,113,115,115,116,114
107,109,110,111,112,109,111,110,108,108,108,107,107,108,106,106
101,101,103,102,103,103,106,101,101,97,98,97,95,99,97,99
94,94,94,95,95,98,100,94,92,90,93,93,90,90,92,93
87,88,87,89,88,89,90,85,88,85,87,87,84,82,86,87
84,84,81,83,80,81,84,81,84,81,77,78,77,78,83,81
76,79,76,76,74,75,78,79,74,75,74,70,72,73,77,75
71,75,70,71,67,70,74,74,72,66,70,69,69,70,75,70
69,72,68,66,63,66,68,70,66,66,67,64,64,63,68,66
65,64,60,64,61,64,65,63,62,62,64,62,61,61,63,64
59,61,60,60,61,60,61,61,61,61,61,59,60,60,61,60
60,61,60,59,57,59,59,59,58,57,59,57,57,58,58,49
47,51,48,49,43,44,50,53,47,46,48,42,39,42,44,42
46,46,44,42,39,40,45,43,42,40,44,41,39,38,42,42
43,42,39,43,36,37,38,41,38,37,40,34,33,31,38,38
36,35,33,35,30,30,31,37,33,34,33,28,27,28,33,32
32,31,29,28,24,23,27,30,27,28,30,23,23,24,29,28
27,27,27,24,15,19,23,22,24,28,25,19,19,18,23,23
20,21,20,19,15,18,21,20,15,21,22,17,17,11,13,18
15,18,14,14,11,13,12,11,11,16,16,12,11,7,13,13
11,13,16,14,10,8,8,9,8,12,15,10,9,6,10,9
5,8,10,10,4,5,6,11,9,8,6,4,8,5,4,4
6,6,8,3,2,5,4,3,3,3,4,3,4,1,2,1
2,4,4,3,0,3,3,2,0,4,3,2,0,-2,-1,0
1,2,2,0,-1,2,0,0,-2,0,2,-1,0,0,2,-1
-1,-5,-1,0,-5,0,-2,-3,-8,-3,-2,-1,-2,-5,1,-3
-5,-4,0,0,-5,-4,-5,-4,-5,-3,-5,-1,-3,-8,-5,-7
-4,-7,-6,-6,-7,-4,-4,-3,-10,-6,-5,-2,-6,-7,-7,-9
-8,-9,-6,-7,-9,-7,-7,-6,-12,-10,-10,-7,-5,-10,-11,-11
-11,-10,-9,-10,-9,-7,-12,-9,-13,-10,-9,-10,-12,-12,-7,-14
-15,-16,-14,-12,-13,-13,-11,-10,-15,-13,-15,-11,-15,-15,-12,-14
-18,-17,-14,-13,-15,-16,-17,-13,-18,-17,-19,-16,-15,-15,-14,-21
-19,-22,-17,-16,-17,-22,-15,-16,-23,-21,-19,-20,-22,-21,-18,-21
-21,-22,-21,-22,-22,-19,-22,-20,-22,-23,-23,-21,-23,-22,-17,-22
-22,-24,-23,-25,-22,-24,-23,-25,-27,-25,-26,-26,-24,-23,-21,-22
-24,-29,-26,-26,-23,-26,-27,-24,-27,-25,-28,-25,-26,-22,-26,-26
-26,-30,-26,-27,-29,-28,-22,-25,-29,-27,-29,-28,-26,-25,-24,-26
-24,-29,-27,-28,-27,-24,-24,-26,-29,-26,-31,-27,-28,-27,-24,-26
-26,-32,-27,-30,-30,-27,-26,-26,-30,-23,-27,-27,-31,-29,-24,-27
-26,-28,-27,-29,-28,-28,-25,-24,-29,-25,-28,-27,-30,-25,-23,-23
-26,-26,-25,-29,-28,-29,-24,-25,-28,-24,-27,-30,-30,-29,-24,-25
-26,-27,-25,-28,-29,-31,-24,-22,-25,-25,-29,-27,-27,-24,-27,-23
-23,-27,-26,-29,-29,-28,-26,-22,-27,-24,-27,-27,-31,-27,-26,-24
-22,-26,-25,-27,-26,-27,-25,-25,-26,-22,-29,-27,-29,-26,-25,-24
-26,-27,-24,-28,-26,-29,-26,-25,-27,-24,-24,-28,-31,-26,-27,-22
-23,-25,-25,-30,-28,-30,-26,-25,-25,-26,-25,-27,-29,-28,-27,-26
-26,-28,-27,-31,-29,-30,-23,-28,-25,-27,-29,-26,-30,-30,-29,-26
-27,-27,-25,-28,-32,-33,-27,-31,-27,-29,-30,-26,-35,-32,-34,-30
-29,-28,-29,-31,-33,-34,-31,-29,-31,-28,-29,-31,-38,-34,-33,-31
-31,-31,-30,-35,-32,-35,-34,-30,-31,-29,-31,-32,-35,-35,-31,-29
-31,-32,-31,-34,-33,-37,-34,-33,-33,-33,-32,-33,-37,-34,-33,-33
-33,-30,-30,-36,-35,-34,-33,-31,-34,-33,-31,-30,-35,-37,-36,-33
-32,-32,-34,-33,-34,-37,-34,-36,-34,-32,-28,-31,-32,-34,-35,-31
-34,-32,-31,-33,-35,-34,-33,-36,-37,-32,-30,-31,-34,-32,-35,-30
-33,-35,-28,-30,-32,-33,-33,-36,-31,-30,-29,-30,-34,-30,-33,-32
-33,-30,-31,-30,-32,-34,-31,-31,-29,-30,-27,-28,-32,-28,-35,-34
-33,-29,-27,-29,-33,-31,-29,-34,-32,-32,-28,-28,-31,-33,-36,-30
-33,-28,-30,-28,-29,-31,-28,-31,-32,-31,-27,-26,-32,-28,-29,-27
-31,-29,-29,-28,-29,-28,-27,-31,-31,-28,-27,-29,-28,-30,-30,-27
-29,-28,-28,-26,-29,-30,-28,-31,-30,-32,-26,-29,-28,-28,-30,-26
-31,-28,-27,-28,-28,-33,-26,-30,-30,-30,-28,-29,-27,-28,-29,-28
-29,-27,-28,-28,-27,-28,-25,-29,-31,-31,-29,-30,-28,-29,-30,-26
-31,-29,-28,-28,-29,-30,-27,-32,-29,-29,-29,-30,-27,-29,-29,-28
-31,-33,-30,-28,-28,-28,-28,-32,-29,-30,-29,-29,-30,-27,-28,-28
-35,-32,-30,-27,-31,-31,-29,-29,-28,-32,-30,-32,-27,-29,-29,-28
-34,-30,-30,-27,-31,-28,-27,-27,-30,-35,-29,-29,-29,-28,-30,-29
-33,-31,-29,-29,-27,-27,-28,-27,-29,-29,-27,-28,-29,-27,-28,-26
-27,-27,-31,-29,-29,-26,-26,-26,-28,-31,-26,-28,-28,-27,-22,-23
-29,-29,-28,-27,-28,-25,-23,-25,-28,-27,-26,-28,-27,-26,-22,-23
-27,-24,-27,-27,-26,-23,-20,-24,-23,-25,-23,-26,-25,-24,-21,-22
-25,-23,-24,-26,-25,-22,-20,-20,-21,-24,-21,-22,-22,-22,-21,-19
-22,-20,-24,-20,-22,-20,-22,-18,-20,-18,-19,-21,-21,-22,-16,-17
-19,-17,-21,-19,-20,-18,-15,-16,-16,-18,-16,-20,-21,-19,-14,-14
-15,-15,-17,-19,-19,-19,-17,-15,-14,-12,-14,-15,-18,-18,-12,-14
-17,-13,-14,-12,-17,-16,-14,-9,-14,-13,-13,-19,-18,-17,-13,-14
-14,-11,-12,-14,-13,-15,-15,-12,-10,-11,-10,-12,-14,-16,-10,-11
-11,-13,-15,-14,-18,-15,-14,-11,-12,-13,-11,-12,-16,-18,-11,-13
-12,-9,-10,-11,-17,-14,-12,-11,-13,-11,-12,-12,-12,-14,-13,-14
-12,-13,-12,-10,-12,-13,-15,-13,-11,-11,-11,-11,-12,-14,-11,-9
-11,-13,-9,-12,-16,-12,-14,-11,-12,-14,-11,-12,-11,-11,-14,-10
-11,-14,-12,-12,-15,-12,-10,-8,-12,-10,-9,-11,-14,-15,-11,-10
-7,-10,-10,-6,-14,-12,-12,-12,-12,-5,-8,-9,-8,-15,-10,-13
-8,-8,-11,-8,-10,-10,-10,-9,-10,-1,-5,-9,-10,-12,-10,-10
-8,-5,-4,-5,-10,-9,-9,-5,-10,-5,-6,-9,-5,-10,-7,-5
-8,-8,-6,-7,-5,-7,-9,-5,-3,-7,-6,-6,-6,-4,-6,-7
-3,-3,0,-3,-7,-2,-1,-3,-4,0,0,-1,-3,-2,-3,-2
-4,-3,0,-1,-6,0,0,0,-4,0,0,0,-1,-3,0,0
0,-2,1,3,1,2,-1,-2,-3,0,4,2,0,0,2,0
-4,0,5,2,2,0,1,1,0,2,2,4,0,0,2,1
1,0,5,3,0,4,1,3,-1,2,0,7,4,2,5,0
1,2,5,3,1,2,4,6,1,0,1,5,2,1,6,0
4,4,5,4,6,4,5,4,1,3,4,5,0,3,8,5
3,1,3,4,3,3,3,4,2,2,1,4,1,4,8,3
5,2,2,4,3,3,3,6,3,3,2,4,2,3,7,1
0,1,6,6,5,4,4,7,2,6,5,6,2,5,6,4
7,5,5,2,3,5,4,5,1,3,4,9,3,4,8,7
6,3,2,4,8,6,6,5,1,7,5,9,4,6,7,9
8,4,5,7,7,7,7,8,8,10,7,7,5,5,11,8
7,3,6,8,5,9,11,8,7,6,8,11,5,11,12,11
12,6,9,6,7,5,12,12,6,7,9,9,7,10,11,12
11,9,12,10,9,10,13,13,8,11,10,12,9,10,11,14
13,9,11,7,12,14,13,15,11,13,12,10,11,14,16,15
16,13,12,11,12,13,16,14,13,14,12,14,14,16,18,16
11,11,17,14,11,12,17,18,15,19,13,14,15,15,17,16
16,16,17,13,9,12,21,21,15,18,16,17,14,15,18,23
19,19,17,12,16,16,21,19,17,17,16,18,15,15,19,23
18,16,18,16,16,17,19,19,18,22,20,19,11,15,17,21
20,20,17,17,15,16,19,23,20,22,18,18,14,17,23,22
19,21,22,19,14,18,23,20,19,22,18,20,16,18,20,21
22,22,23,16,17,16,22,21,20,21,24,23,17,18,21,21
22,22,22,16,17,19,19,23,21,22,21,24,16,18,21,26
25,24,26,21,22,16,21,19,24,23,22,23,17,18,21,24
20,24,24,21,20,17,23,25,22,25,24,23,21,21,22,24
23,26,27,22,21,19,25,24,23,25,23,23,21,24,23,24
24,25,28,22,24,23,26,25,24,26,26,24,22,21,23,24
23,25,26,22,21,25,25,23,27,27,27,28,23,25,26,27
24,29,27,27,27,23,23,25,26,30,29,28,21,26,28,30
26,29,31,31,30,24,25,29,28,29,31,29,27,31,27,27
24,30,30,30,25,24,28,29,30,29,34,33,25,30,26,29
28,30,33,28,31,28,31,28,27,30,31,32,24,29,29,30
28,32,32,33,30,30,32,29,29,34,34,34,28,28,29,29
27,30,33,37,34,29,32,30,31,33,35,30,30,32,32,34
29,30,34,36,35,31,34,31,28,30,33,31,32,31,28,33
30,34,32,32,30,33,34,34,26,31,35,35,33,33,32,35
32,32,34,34,31,31,35,31,29,32,35,31,32,34,35,36
31,34,30,34,34,33,36,32,33,33,34,32,31,34,35,35
29,31,30,33,36,32,33,37,34,33,34,31,31,36,35,36
32,32,33,34,34,31,36,35,34,32,36,34,37,36,35,36
33,36,34,36,33,35,37,34,36,34,36,36,33,33,35,36
33,37,34,33,35,35,38,37,35,36,36,36,35,34,39,37
32,33,33,34,35,37,36,35,33,36,38,35,37,37,39,41
35,36,38,39,35,36,37,39,39,38,37,35,35,39,40,41
39,39,38,41,34,36,42,42,40,36,37,40,40,40,43,40
39,39,37,39,37,41,41,42,40,38,41,39,39,37,40,44
42,46,41,41,41,40,44,44,41,40,45,39,37,41,44,45
44,43,42,40,41,42,42,46,43,43,44,41,41,43,48,49
44,44,41,43,40,38,43,47,46,44,48,41,42,40,46,45
43,45,46,44,39,40,45,51,46,43,47,43,43,41,47,47
48,47,42,44,40,43,46,47,45,46,49,43,41,41,44,50
46,48,46,46,42,46,45,49,43,47,50,43,43,42,47,50
48,46,47,49,46,46,45,49,47,49,49,45,41,44,48,46
45,49,47,47,40,44,47,49,46,47,47,45,46,45,48,48
49,51,46,47,40,41,46,50,47,45,48,45,47,42,47,47
49,53,49,47,41,45,48,52,48,49,53,47,44,42,47,48
49,49,49,47,45,46,44,50,47,50,52,48,46,45,51,49
48,48,50,49,46,45,45,48,49,49,51,45,47,47,49,47
48,49,54,52,48,48,46,48,49,51,52,46,48,46,48,47
47,51,49,51,42,47,50,52,48,53,50,51,49,48,50,51
50,51,55,53,49,52,50,50,49,50,51,51,51,44,48,50
50,50,53,53,50,51,51,49,49,53,54,53,50,47,53,54
50,50,54,52,50,55,48,49,49,54,53,53,50,52,52,49
49,51,56,55,52,49,51,52,47,52,52,52,54,51,55,49
48,55,55,51,52,52,53,52,50,52,54,58,54,50,53,51
52,54,55,53,53,53,51,53,47,50,55,56,53,53,57,54
50,51,53,54,55,55,54,53,53,53,54,55,52,50,54,53
51,49,52,55,53,51,52,57,50,54,54,54,54,53,54,51
49,54,57,54,52,53,55,54,48,49,50,52,52,53,55,53
50,53,53,52,53,55,55,57,50,51,54,54,53,53,56,51
53,50,55,53,52,54,54,54,50,53,54,53,53,53,56,55
53,52,53,55,54,51,54,55,51,51,51,51,48,53,57,54
52,50,52,53,54,52,56,58,52,54,53,52,52,56,56,51
50,50,51,50,51,50,55,58,53,54,54,56,51,56,56,56
55,55,55,53,50,52,55,57,50,52,53,53,49,56,57,55
57,55,53,51,52,56,60,58,55,56,51,54,53,52,58,58
55,52,53,52,52,52,58,54,54,58,56,53,51,56,61,61
56,54,57,55,54,53,57,55,53,56,54,53,55,59,57,60
57,56,58,55,53,53,60,60,55,59,55,56,56,53,57,57
58,54,56,54,49,54,60,59,57,57,55,57,55,55,57,60
61,60,57,53,54,54,60,58,56,57,57,56,50,52,58,62
60,57,59,55,55,55,58,61,58,58,59,57,50,57,58,57
59,56,59,54,55,53,59,60,59,54,58,58,54,57,56,60
58,58,62,55,52,52,58,60,58,58,59,62,55,54,56,59
58,59,60,55,54,55,59,61,59,58,61,60,53,53,58,59
59,59,61,54,57,56,59,59,58,63,63,60,53,55,58,59
56,56,60,60,56,53,58,58,60,61,59,60,54,57,56,57
56,62,61,59,56,54,58,60,61,61,60,61,55,57,56,58
