62,64,57,61,61,60,57,57,57,59,63,61,60,61,62,56
61,60,58,60,63,61,59,58,60,61,57,57,59,58,58,59
61,64,55,62,64,59,55,60,63,63,55,58,62,65,59,59
59,64,55,60,60,58,57,61,61,62,56,59,63,62,57,55
61,65,59,60,62,61,58,61,60,60,55,59,64,61,56,57
63,64,58,58,60,61,58,59,60,61,59,61,65,64,56,62
61,61,58,59,62,63,56,57,61,63,56,58,63,64,60,59
61,60,61,62,64,62,58,58,62,61,58,58,61,63,58,55
58,60,58,60,60,62,59,62,63,60,55,58,61,61,57,61
60,65,61,62,60,62,59,55,60,60,57,59,64,61,57,59
63,62,56,60,63,67,62,59,59,63,58,58,60,61,62,61
62,59,55,60,64,64,56,55,62,63,56,57,60,63,63,63
58,60,54,60,63,62,57,58,60,63,52,59,62,63,63,61
61,63,58,60,60,59,58,59,62,59,55,58,62,62,58,61
62,63,56,57,59,63,59,61,61,61,52,60,62,61,60,62
62,63,56,58,63,65,58,63,62,61,56,59,60,57,58,61
64,61,55,57,62,62,58,62,64,62,56,57,61,61,62,61
63,59,56,59,59,62,60,62,64,63,56,57,59,61,60,58
65,64,57,59,58,63,58,63,63,61,54,61,64,64,59,58
62,64,58,58,62,63,59,58,60,60,56,60,57,59,60,60
64,63,55,59,62,61,58,60,65,63,56,59,60,65,61,59
62,63,53,60,60,62,58,59,61,65,55,57,60,62,60,58
62,63,57,59,59,59,58,63,63,63,56,58,59,59,58,58
62,62,59,56,63,60,60,61,61,61,58,58,63,63,57,61
64,65,56,56,59,63,59,61,58,64,58,59,60,59,57,64
64,62,55,58,62,63,61,59,61,65,60,56,59,60,56,60
63,60,56,59,60,61,57,59,62,64,56,56,59,59,60,59
62,63,58,60,59,61,59,60,60,61,55,58,59,62,56,57
62,63,59,58,57,61,58,60,61,61,58,63,62,58,56,59
66,61,60,58,60,60,54,56,63,61,56,60,61,59,56,59
63,63,58,61,62,61,55,56,60,65,61,62,59,61,58,59
61,60,58,63,61,62,57,57,62,63,56,59,61,64,57,57
62,60,60,61,60,58,61,61,62,62,57,60,63,61,57,61
61,60,57,59,60,63,60,59,62,63,58,63,63,62,57,58
63,63,56,60,59,64,58,56,61,64,59,61,62,58,59,59
62,61,57,59,63,61,56,56,62,64,56,58,60,60,57,60
62,63,57,60,64,60,57,60,62,59,55,59,62,61,55,57
58,61,58,58,63,63,59,59,62,61,57,61,61,61,56,57
61,63,58,56,64,61,59,58,60,59,56,63,61,62,61,60
61,62,54,58,62,62,58,58,61,60,56,61,59,62,58,60
61,63,53,58,61,62,58,60,62,63,56,59,62,63,61,60
62,62,58,57,64,60,57,58,63,61,56,61,62,65,59,57
62,63,57,57,60,65,61,60,61,61,52,63,61,65,57,57
61,61,54,60,64,63,64,60,59,59,56,60,62,62,59,61
63,62,56,59,64,64,61,57,59,63,59,61,59,61,60,61
62,61,55,58,65,63,59,61,62,63,55,58,59,65,59,59
61,62,57,63,63,61,58,61,64,60,55,58,65,64,56,62
62,64,58,60,62,58,60,62,59,61,56,59,62,63,58,59
65,61,56,57,60,61,64,59,62,59,56,60,59,63,58,60
62,59,55,58,61,61,58,57,63,60,56,59,60,63,62,64
64,59,56,60,59,61,58,57,65,65,56,57,62,62,59,58
62,60,58,57,57,62,60,59,66,64,55,57,62,60,57,61
60,62,58,59,58,61,61,60,63,64,56,61,61,57,57,60
66,65,56,54,59,63,60,56,62,61,58,60,59,58,59,59
64,64,58,61,60,61,60,59,62,64,55,58,59,62,58,61
61,64,55,61,59,60,58,60,65,61,56,57,58,62,59,59
62,65,60,61,60,59,55,60,62,62,57,60,63,61,57,59
64,66,60,59,61,61,60,60,62,59,55,59,63,60,58,61
64,64,56,61,60,63,59,57,59,61,60,62,61,60,59,62
62,61,56,61,60,63,56,58,64,62,58,57,60,61,60,60
61,59,58,59,58,60,57,59,66,62,56,58,59,61,58,58
62,64,58,59,59,59,55,59,63,62,57,60,60,60,58,58
64,67,59,61,60,62,57,58,59,59,57,58,58,55,53,54
61,59,53,58,62,60,57,54,63,61,61,59,60,60,61,59
61,61,55,62,65,62,58,58,61,64,56,56,58,60,57,56
59,62,57,61,61,61,55,57,60,65,56,56,63,63,56,59
63,65,56,60,60,57,57,57,61,61,58,59,65,62,57,57
62,64,56,59,60,64,57,56,58,61,59,59,65,60,53,58
65,61,55,60,62,64,57,56,61,61,58,57,65,62,57,60
63,60,58,60,61,59,56,57,60,62,58,54,62,60,59,61
60,63,58,61,62,63,58,64,63,60,52,56,62,61,58,57
60,62,57,60,58,61,58,60,60,60,57,60,62,62,56,56
65,63,56,58,61,63,59,59,61,58,54,57,60,59,58,59
64,61,54,59,61,64,59,57,61,63,56,59,61,61,59,59
61,59,55,59,63,62,56,57,59,62,57,58,62,60,61,60
60,63,56,57,57,62,60,61,65,62,55,56,62,61,58,59
62,64,60,57,57,63,59,61,59,60,51,59,61,57,55,58
61,63,54,54,60,62,59,59,59,63,57,61,61,59,61,59
64,61,54,57,63,64,61,60,60,60,55,56,59,61,60,59
62,59,53,59,64,63,57,63,62,61,53,59,59,62,58,58
60,60,55,58,58,60,59,63,61,56,53,59,62,61,60,58
63,62,55,55,60,60,58,60,61,57,55,56,57,58,58,59
66,64,55,56,61,60,59,60,61,63,55,58,59,61,57,60
65,61,53,57,59,61,59,59,62,63,53,56,57,58,62,60
61,63,59,61,60,58,56,61,63,60,57,56,56,60,60,58
64,63,56,58,58,58,57,62,62,62,56,59,61,62,56,58
62,65,55,55,58,60,59,60,59,62,57,59,64,62,56,59
63,63,58,56,60,60,56,58,61,63,60,57,58,59,58,59
64,63,56,58,63,60,57,58,59,65,55,57,59,60,56,59
62,61,55,59,59,60,56,56,61,63,54,56,61,62,58,57
62,65,61,58,58,60,56,59,60,59,54,55,63,61,56,58
65,63,61,59,61,61,58,59,61,62,55,58,60,56,54,59
63,62,55,55,59,62,55,56,59,64,55,57,59,61,58,59
63,60,60,59,61,61,54,54,62,64,57,60,61,58,58,57
61,60,59,59,60,61,56,57,62,65,53,58,64,60,55,57
60,63,60,59,57,61,57,59,61,61,55,63,64,60,57,58
59,62,59,58,62,62,59,58,59,60,56,58,60,59,60,60
61,61,57,57,63,61,55,55,60,63,58,58,60,63,60,59
58,62,55,60,64,61,53,56,60,64,56,57,60,63,57,59
56,63,60,63,62,60,59,61,63,61,57,58,62,62,57,55
61,64,59,56,60,61,58,56,59,58,56,60,62,63,55,57
62,63,59,57,62,65,62,60,59,61,56,62,60,60,56,58
59,61,53,59,62,63,58,57,62,61,56,61,59,63,60,59
60,61,55,58,63,62,58,59,64,62,54,59,63,65,56,57
60,61,53,57,59,57,60,60,62,59,53,59,62,61,55,57
61,60,54,57,60,58,61,61,59,60,57,58,62,61,57,58
62,62,54,56,62,62,60,56,59,59,57,57,59,59,56,58
60,63,53,59,63,60,56,59,60,61,55,55,59,61,60,57
59,59,58,59,60,60,58,58,61,60,52,55,64,62,59,58
61,59,56,56,60,57,58,61,63,61,54,57,62,63,56,59
63,60,56,55,58,60,58,58,59,60,54,60,58,62,57,60
61,61,54,59,59,66,60,58,60,60,58,57,58,60,58,62
64,59,57,58,61,61,59,59,60,62,54,55,58,62,60,63
63,58,56,59,60,60,60,59,62,62,55,57,60,62,56,57
59,60,57,59,58,59,60,60,63,64,55,60,61,62,58,58
63,63,55,57,59,62,60,59,60,59,56,58,58,59,58,63
63,63,54,58,61,62,58,59,62,65,58,60,57,59,57,61
63,61,57,58,57,60,59,55,63,64,56,57,60,58,59,61
64,62,60,60,61,60,58,58,63,61,54,55,61,59,56,56
61,63,59,58,58,61,58,60,61,62,54,58,62,59,56,61
60,63,56,55,57,61,56,56,62,62,55,60,60,59,57,61
61,64,60,60,64,63,58,55,61,63,61,57,58,56,59,60
61,61,56,60,60,60,57,58,65,61,59,57,61,63,57,60
60,62,55,60,59,58,55,61,63,60,55,59,59,61,56,58
61,64,59,59,61,60,57,59,61,57,58,58,61,60,57,60
64,62,56,58,60,59,60,59,56,62,58,58,59,61,56,59
62,64,55,61,61,64,60,59,61,60,55,58,60,60,59,60
62,61,58,60,61,60,56,59,61,62,56,55,61,62,58,58
60,63,57,60,62,60,59,58,62,60,56,60,64,61,57,58
60,63,53,60,62,61,60,59,58,59,57,58,63,61,58,60
65,63,54,56,61,61,57,59,57,58,59,59,62,61,58,58
59,60,55,62,64,62,55,59,58,62,57,56,61,64,59,59
59,57,55,60,61,60,55,59,62,60,57,57,64,62,56,56
60,62,59,62,59,62,57,58,62,59,57,57,64,62,57,56
63,62,57,57,56,64,59,56,60,62,57,62,63,61,55,59
61,61,56,61,60,64,59,58,62,59,54,59,60,60,59,61
62,59,56,61,63,65,57,55,61,59,53,57,62,62,63,59
60,58,58,61,62,62,58,57,63,61,55,55,63,60,59,60
59,63,56,61,59,63,58,59,58,62,55,57,61,61,59,58
62,64,55,58,60,64,61,60,60,61,57,61,63,60,62,58
62,59,55,56,62,62,60,59,61,63,58,61,60,58,58,61
61,65,55,57,61,62,56,59,64,62,57,58,58,60,60,61
62,61,57,58,60,60,60,62,62,61,52,56,60,61,59,58
63,63,58,59,63,60,59,63,61,59,57,57,61,60,55,61
66,60,56,58,57,63,56,59,59,62,58,55,59,60,59,63
62,58,54,57,61,64,58,59,63,64,57,57,58,61,61,59
63,61,55,58,61,60,56,62,64,62,56,56,59,61,62,59
64,63,55,57,60,63,59,60,63,62,54,58,63,62,59,58
63,65,55,56,59,57,60,62,60,62,56,60,61,60,56,58
66,63,55,56,62,60,59,59,63,64,58,58,60,58,59,62
65,63,56,60,64,62,58,61,62,66,60,57,62,62,58,61
62,62,57,63,64,62,56,61,65,64,59,57,60,61,56,59
62,64,62,58,60,62,58,62,64,64,56,57,61,61,53,60
65,63,61,59,58,62,58,59,61,64,56,60,63,61,54,59
64,61,57,61,62,62,59,57,60,64,56,60,59,61,56,61
64,62,58,60,64,62,57,58,62,66,59,57,58,63,60,61
63,63,60,60,64,63,58,57,62,64,57,57,62,63,59,58
63,62,61,60,59,59,57,58,64,62,58,62,65,60,58,57
63,62,60,58,63,60,60,57,61,61,54,61,63,60,57,57
62,62,57,59,63,63,58,57,62,63,54,61,61,57,56,59
60,63,60,60,62,63,58,59,62,63,54,59,61,61,57,57
61,60,57,58,62,61,61,58,61,61,55,59,63,62,57,57
61,62,59,59,63,61,60,57,59,59,53,63,64,63,59,58
63,64,57,59,61,64,60,58,59,59,56,61,59,60,58,60
61,62,55,58,66,63,57,60,61,62,57,59,58,63,61,62
63,59,55,61,63,63,58,55,60,61,55,60,58,62,61,59
60,60,56,61,64,61,60,58,63,59,56,61,62,64,60,57
62,62,56,60,60,59,60,59,61,62,55,61,61,60,56,55
59,59,53,54,60,62,60,60,57,63,56,61,59,63,56,63
61,60,53,58,65,62,60,59,60,60,56,60,60,63,59,62
62,60,55,60,63,59,61,58,62,64,56,55,61,63,59,56
60,61,55,61,60,59,61,63,63,59,57,57,62,62,56,62
63,62,56,58,59,62,60,60,61,61,57,60,62,62,57,61
62,61,57,57,63,62,59,59,63,60,57,56,62,61,59,61
65,59,56,60,62,62,57,58,63,63,55,54,59,62,58,63
60,60,53,60,63,63,57,58,63,65,54,55,59,63,61,62
61,61,57,58,58,60,59,61,66,62,56,58,63,61,59,60
60,61,57,57,58,61,63,63,63,64,57,61,62,61,58,62
64,63,53,56,58,63,57,58,64,63,55,57,60,59,59,62
63,63,54,57,58,61,58,57,64,64,57,55,59,60,63,62
64,63,58,60,63,58,59,61,64,65,55,56,60,62,58,63
59,64,61,59,58,61,58,59,66,61,55,57,60,61,57,59
58,65,57,57,60,61,59,59,62,61,58,60,64,58,59,59
64,65,59,58,62,59,56,58,63,63,58,60,61,58,60,61
61,61,52,58,63,62,55,59,65,62,55,58,59,60,58,58
59,63,58,58,60,59,56,58,63,61,57,57,62,61,58,57
61,61,59,61,58,59,59,59,62,61,58,59,61,60,55,57
64,64,57,59,57,62,58,59,59,59,58,60,60,58,55,58
62,64,56,59,61,62,56,55,61,62,58,59,61,60,57,59
61,61,55,58,64,60,55,57,63,63,58,56,57,60,59,57
60,64,59,65,62,59,56,58,59,61,53,56,63,61,56,57
59,60,58,63,60,61,58,58,60,61,60,59,64,61,58,58
62,61,57,62,61,61,59,56,57,63,57,59,64,63,58,59
60,65,56,59,60,65,58,60,59,64,58,58,60,62,57,60
60,59,61,62,63,62,56,58,62,62,56,56,66,65,58,59
62,59,59,60,59,64,61,59,62,59,56,58,64,64,59,57
61,63,60,60,59,64,61,60,61,62,58,61,62,60,56,59
63,60,55,60,61,64,61,58,59,62,55,61,61,59,58,58
63,61,56,61,60,66,59,56,64,59,55,57,62,61,59,60
62,61,57,62,63,66,60,58,61,64,55,59,63,65,60,61
61,60,56,62,62,63,57,58,63,62,55,61,63,62,61,57
63,63,59,57,63,61,61,61,61,57,56,60,63,60,59,59
62,64,58,56,61,63,61,62,58,61,54,61,60,60,60,64
63,61,54,60,63,64,58,60,64,63,58,58,62,62,60,62
63,61,57,60,59,62,58,60,66,61,54,58,60,62,61,60
63,58,57,58,62,62,60,64,65,62,55,60,63,63,60,59
62,63,58,59,58,63,58,61,62,59,54,60,60,61,58,62
66,64,57,55,63,65,58,58,63,63,59,61,56,60,59,59
63,62,54,58,61,62,61,61,64,61,57,59,58,63,60,61
64,61,59,60,60,58,56,62,63,61,53,58,59,61,59,59
65,64,60,61,60,59,60,60,60,59,57,55,62,60,58,57
65,63,58,56,60,62,61,64,62,63,57,60,61,63,58,61
63,62,55,57,59,66,59,60,61,65,57,59,58,61,56,62
62,60,54,58,62,62,60,59,63,67,57,54,60,61,56,58
61,61,57,59,58,58,61,60,63,65,55,54,60,62,56,59
61,65,61,60,59,60,56,58,60,60,52,57,61,60,55,58
64,63,60,57,59,62,58,59,61,61,56,57,59,60,56,59
64,62,58,58,59,62,57,59,63,62,56,57,60,57,58,59
63,60,58,61,61,59,54,58,58,65,57,60,59,61,56,58
59,62,59,63,61,60,59,59,60,63,57,60,61,58,57,55
62,61,58,58,61,62,58,58,62,59,56,62,62,59,54,61
63,64,58,57,62,63,56,58,62,63,54,58,59,56,56,61
62,61,55,57,63,63,57,54,59,65,57,57,59,58,57,58
59,59,57,56,62,61,57,57,61,63,56,57,59,60,57,58
58,63,60,60,62,60,56,60,61,60,54,60,63,61,57,60
59,61,58,59,61,62,57,60,60,60,59,61,60,59,57,57
61,62,57,56,63,61,58,55,62,61,57,61,62,63,58,57
60,60,55,56,62,65,56,58,59,60,57,59,60,64,60,59
58,61,56,60,61,63,56,56,61,58,56,56,63,64,60,58
59,58,57,56,60,59,59,57,63,60,55,59,59,64,57,58
62,61,56,57,58,61,63,59,58,58,56,58,58,61,57,60
63,63,55,56,62,61,60,56,57,63,57,58,59,58,58,59
61,62,53,58,63,60,59,58,62,62,58,57,58,61,58,62
59,59,53,58,64,60,59,60,60,61,53,53,59,62,60,59
60,62,54,59,60,60,62,62,63,63,56,59,60,64,60,59
64,65,56,59,61,62,58,61,60,60,56,57,60,61,57,61
61,60,53,57,62,63,62,63,60,61,55,54,57,60,58,64
63,59,55,59,61,62,58,59,64,63,56,57,59,61,58,61
61,62,56,58,58,62,58,59,62,62,56,56,62,62,58,57
62,61,58,59,60,60,60,61,62,61,56,58,60,61,56,61
63,64,58,59,57,63,60,59,64,62,54,59,62,58,57,62
62,60,56,58,63,61,59,57,62,63,57,56,57,60,58,61
62,64,55,58,62,62,60,57,63,64,55,56,58,63,60,62
61,64,56,58,62,61,56,60,60,61,54,56,60,62,59,60
63,66,59,59,58,56,58,59,61,60,56,59,59,57,55,61
62,64,58,57,58,61,59,59,62,61,58,59,60,59,57,62
60,62,55,58,58,62,57,59,61,62,59,60,57,60,57,59
61,62,59,60,64,61,55,58,65,63,57,58,59,61,59,56
59,60,59,57,59,61,57,54,56,56,50,53,56,55,52,55
55,57,53,54,54,56,54,55,56,54,52,55,56,56,53,55
55,55,52,56,56,55,54,54,56,56,54,55,57,55,53,53
57,56,54,56,50,59,47,52,57,56,56,47,59,48,53,54
52,58,45,58,54,57,45,57,53,56,45,56,54,54,53,53
55,52,56,55,57,53,56,53,53,57,51,55,54,57,54,54
54,55,55,54,54,57,58,46,57,59,54,53,58,55,50,45
56,57,53,56,56,57,53,54,55,56,51,56,56,55,53,56
56,57,55,55,57,56,54,54,55,57,52,50,54,55,56,59
59,59,59,59,59,59,59,59,59,59,59,59,59,59,59,59
59,59,59,59,59,59,59,59,59,59,54,56,56,54,45,47
46,42,30,31,32,29,26,18,18,12,13,14,19,13,10,15
21,16,10,21,11,13,3,5,4,2,-2,2,2,-2,-1,0
0,-5,-4,-1,-1,2,0,-5,-1,5,-2,0,-1,2,-1,-8
-11,-4,-7,-3,-3,-2,-3,-6,-5,-5,-11,-9,-9,-31,-59,-90
-119,-130,-128,-102,-75,-48,-25,-9,2,10,11,17,21,21,15,14
17,12,9,10,13,17,8,6,4,8,7,12,15,10,9,13
13,8,5,8,13,15,9,11,12,13,12,9,11,6,11,8
9,0,1,3,8,8,2,6,6,7,0,1,9,9,10,7
9,12,4,7,11,9,6,8,7,4,-2,0,3,5,2,4
4,6,4,6,7,9,5,7,9,8,5,11,15,14,15,10
13,10,6,3,4,2,1,0,1,0,0,3,6,9,7,8
13,9,2,4,8,9,6,9,10,9,3,3,8,7,8,7
3,6,0,1,9,6,3,9,8,12,4,8,9,10,9,9
13,10,7,9,9,9,11,8,8,4,2,5,7,6,5,6
12,10,9,8,13,11,8,14,11,12,5,7,9,8,4,8
16,15,4,8,11,11,8,9,9,11,6,10,10,11,10,11
13,13,7,7,18,13,9,11,14,18,11,10,12,10,13,10
14,12,8,13,16,12,9,13,15,18,9,9,12,16,13,11
15,13,14,15,15,13,12,14,15,17,9,10,13,13,9,11
19,19,15,13,14,14,15,17,18,17,13,16,18,17,15,18
23,21,15,13,17,18,14,13,16,19,13,16,16,17,14,20
22,21,17,18,19,21,15,15,18,23,17,16,17,16,17,14
22,18,18,18,16,16,13,15,22,22,16,18,22,20,18,19
22,20,21,20,18,17,20,21,23,22,15,22,21,20,16,18
22,22,18,20,22,24,21,19,22,24,18,25,24,20,16,21
24,24,18,18,26,22,20,20,22,25,22,22,23,22,20,25
25,24,24,22,28,23,19,19,26,26,18,21,22,24,21,23
23,25,21,24,27,25,19,23,29,27,19,24,27,27,22,24
25,24,23,26,28,27,25,25,24,24,21,25,26,26,22,26
29,28,25,21,30,31,26,28,26,27,24,31,30,31,25,28
30,29,23,27,31,30,27,24,26,28,25,27,29,31,26,32
29,27,27,29,34,32,30,26,31,34,27,29,29,35,31,29
31,27,24,29,33,32,29,27,31,32,27,30,33,36,32,29
32,33,27,29,31,33,31,30,29,34,27,34,35,34,28,30
32,34,29,29,35,33,33,30,34,33,30,35,34,34,32,34
36,34,28,34,36,35,34,35,37,35,30,33,32,38,33,34
36,36,31,37,40,37,34,34,35,34,29,31,37,39,36,34
33,37,34,36,39,34,36,36,36,35,31,34,40,37,37,35
37,40,37,36,38,39,39,38,35,35,33,37,39,41,34,37
40,39,34,34,38,40,39,36,38,41,32,37,37,41,38,42
41,38,32,36,39,41,37,38,40,40,36,37,39,38,40,41
42,38,36,39,39,41,37,40,42,42,34,35,39,44,40,43
42,42,38,39,42,43,40,39,43,42,35,38,45,44,39,40
44,43,37,38,39,41,43,42,44,41,37,42,41,41,38,39
44,43,39,39,44,44,43,42,45,43,40,42,40,43,43,44
45,43,38,43,44,45,39,42,46,47,38,36,41,43,44,44
45,42,41,42,45,44,43,43,47,46,39,43,44,45,42,42
44,46,44,42,46,43,42,45,43,43,36,43,48,45,41,44
45,48,45,41,47,49,45,46,43,47,42,46,45,46,43,45
47,50,43,46,47,47,40,43,47,49,46,46,48,47,43,46
47,46,46,46,49,46,42,45,48,50,46,47,45,46,44,45
45,48,46,47,47,49,43,46,49,49,43,44,47,52,42,45
47,49,47,48,48,46,45,47,51,49,44,49,50,49,42,46
50,49,47,48,49,49,48,47,49,49,46,48,46,46,45,47
50,51,44,48,53,51,46,46,50,51,46,49,48,50,48,50
50,49,44,49,52,51,47,46,51,53,47,48,49,49,48,49
50,53,48,52,51,47,47,48,52,51,46,48,50,52,46,45
53,54,49,53,50,49,49,50,51,52,46,51,54,52,49,50
53,53,49,52,51,52,49,48,52,53,50,51,53,50,50,51
53,54,51,52,53,51,48,49,52,55,49,48,52,52,51,52
53,54,50,50,54,51,46,50,52,52,47,49,49,54,51,52
52,55,49,54,52,51,49,53,53,50,45,49,54,53,49,51
54,54,52,53,53,54,54,52,54,52,49,50,54,51,51,49
56,53,50,48,51,53,52,52,53,54,48,51,53,54,51,53
54,56,51,53,53,55,51,50,53,55,49,50,52,53,53,54
52,54,48,53,54,55,51,52,54,57,50,49,53,54,53,56
54,54,52,51,53,55,54,55,55,54,49,52,53,56,54,54
55,56,50,53,54,55,55,55,54,54,52,52,55,52,53,54
56,56,50,51,55,55,53,54,55,55,53,52,54,56,54,55
55,54,50,51,55,56,51,54,56,57,51,51,54,57,54,55
55,55,51,55,56,55,52,53,55,55,50,53,56,57,56,55
55,55,52,53,55,54,54,56,56,55,51,52,56,54,56,53
56,57,53,53,55,56,55,57,55,54,51,53,54,54,52,55
57,56,52,52,54,57,54,56,55,55,53,54,55,55,55,56
56,56,52,54,55,56,53,55,55,58,52,54,54,57,54,55
56,54,52,56,54,54,55,55,57,58,53,54,56,58,55,54
55,56,54,54,55,56,54,56,55,55,51,55,56,54,55,62
64,67,59,60,62,62,58,63,63,65,60,59,60,60,61,61
64,61,58,59,63,61,59,60,62,64,61,57,62,63,61,64
66,63,57,59,64,64,59,62,60,64,57,56,60,63,59,60
64,66,59,62,63,61,62,64,65,64,59,58,64,63,59,60
68,63,59,57,59,59,61,65,63,64,59,61,63,62,57,62
68,68,63,63,61,66,60,61,62,67,59,61,61,63,59,64
67,63,60,63,62,63,61,61,65,65,60,63,63,64,62,64
67,65,60,64,66,64,58,61,66,67,59,60,63,64,62,63
65,64,61,62,62,62,60,62,66,66,57,62,65,65,61,62
66,67,63,62,65,65,60,62,63,65,62,65,67,62,60,58
66,67,61,60,64,64,64,60,63,65,59,65,64,59,61,65
65,65,63,62,67,67,61,64,65,68,62,67,64,63,61,63
65,65,61,64,67,65,60,62,67,69,58,61,68,67,63,64
65,65,62,62,66,65,61,62,67,66,58,61,67,65,59,61
65,70,65,62,67,67,61,62,62,63,57,65,65,65,58,62
66,68,62,62,68,67,62,63,64,66,62,64,64,64,63,63
64,65,61,64,72,68,62,60,66,67,62,64,64,66,62,63
66,61,62,64,68,65,63,61,68,66,59,62,64,69,64,63
64,67,63,64,64,69,60,63,65,62,60,64,69,71,64,59
66,69,63,63,66,68,64,65,63,63,59,63,66,66,61,61
66,65,59,60,67,67,66,64,64,65,61,65,64,68,63,65
63,65,60,62,66,67,63,64,65,68,61,62,66,67,66,66
65,64,62,65,65,63,66,67,68,66,58,59,67,70,62,61
66,67,61,63,65,63,65,68,67,65,59,66,68,72,61,65
66,68,61,63,66,66,65,63,66,66,59,63,69,67,63,67
68,67,60,63,68,67,65,61,63,66,61,59,65,66,60,66
63,64,61,65,70,69,67,63,69,67,64,62,64,70,65,67
65,66,61,65,66,68,63,67,65,66,60,63,66,69,65,67
67,67,62,63,64,66,67,65,69,63,58,63,67,65,62,67
68,67,62,62,64,68,69,66,69,69,60,64,65,66,64,69
70,68,59,66,64,66,65,64,68,69,61,63,63,64,67,69
68,68,61,67,70,66,60,61,70,70,60,62,65,67,65,65
66,66,62,65,63,66,65,68,70,67,61,65,69,66,61,64
64,70,63,61,63,67,64,64,67,67,61,65,65,63,63,68
70,72,62,64,64,67,66,63,66,65,63,62,66,63,60,66
72,70,65,62,66,68,63,63,67,69,64,65,65,68,66,66
66,68,61,63,66,68,61,66,69,68,63,63,66,69,66,64
66,69,64,66,66,62,63,66,70,66,64,67,68,67,63,62
67,69,66,62,65,66,64,65,68,68,63,67,66,66,59,64
71,70,63,63,66,67,64,64,65,69,63,64,65,64,65,66
68,69,63,64,66,68,64,63,68,67,65,62,65,65,66,65
67,66,62,68,65,64,60,64,68,69,66,64,70,67,65,64
67,69,66,69,68,68,64,64,64,64,61,63,66,68,62,63
66,70,66,65,65,67,63,66,65,63,63,65,70,65,62,63
69,68,63,66,68,67,64,62,65,65,63,64,69,67,64,63
66,64,61,67,70,66,62,63,65,69,62,60,68,70,63,62
64,65,60,70,70,67,62,64,66,65,62,64,71,67,64,64
66,67,64,66,64,68,64,67,69,67,63,63,68,66,61,65
67,68,65,65,63,71,65,64,64,66,60,64,67,64,61,66
67,66,61,66,67,70,66,62,64,67,62,62,67,66,64,66
69,66,62,67,68,69,65,62,67,70,62,62,68,66,64,65
67,65,63,67,68,69,64,66,66,68,58,63,71,69,65,64
66,68,63,64,67,64,66,66,69,65,63,65,70,68,66,63
65,68,63,60,66,67,63,61,65,64,59,63,67,64,66,68
70,67,59,61,66,68,65,67,65,72,61,63,64,66,63,67
65,65,59,65,68,66,61,65,65,68,62,63,66,66,66,64
67,66,64,63,64,64,65,68,69,67,62,63,66,66,63,64
69,68,63,62,63,69,66,68,66,67,61,65,67,67,61,63
68,67,60,64,66,67,64,66,65,66,60,62,64,65,65,65
68,69,62,66,67,68,63,64,67,65,64,62,62,65,67,66
67,64,58,61,67,65,63,65,67,67,58,62,61,66,66,66
68,69,57,60,64,64,60,66,67,63,59,62,64,67,63,61
68,69,61,63,65,61,64,65,68,64,61,63,64,63,65,66
72,67,62,61,66,65,64,63,65,67,62,64,63,66,60,65
66,68,60,61,66,66,63,65,67,71,60,62,65,62,63,65
69,66,62,62,66,64,64,64,66,71,62,61,65,63,62,64
69,68,63,63,65,63,61,65,69,67,61,62,66,65,62,63
67,69,61,62,62,66,64,64,66,67,62,64,64,64,60,63
68,66,61,61,64,67,63,62,67,69,64,63,65,66,61,65
68,65,65,65,65,67,60,62,69,67,61,63,62,68,64,64
68,65,61,65,65,65,60,62,69,69,60,62,62,65,62,60
65,67,64,66,68,64,60,63,66,65,60,63,65,64,60,63
68,65,64,61,63,66,62,63,65,67,59,67,68,65,59,66
66,67,60,62,64,68,62,60,63,67,61,66,66,64,62,64
66,63,63,63,64,66,64,60,65,69,61,63,67,65,62,63
63,64,65,62,64,62,60,63,67,65,58,60,66,67,62,64
64,67,64,63,65,66,62,64,65,65,59,64,65,66,59,61
64,66,61,62,67,68,63,63,65,64,63,64,65,64,63,62
66,65,62,60,66,68,61,60,62,65,61,63,63,65,64,64
66,64,60,67,69,67,61,64,66,65,58,62,64,66,61,60
63,64,63,64,66,67,61,63,66,62,58,63,68,68,68,62
66,68,61,62,63,65,65,63,65,61,58,65,67,67,61,62
65,66,61,62,66,67,62,62,60,62,60,62,65,65,60,64
64,63,57,62,65,67,63,61,64,66,58,61,66,66,65,64
65,65,60,63,66,65,62,62,65,64,59,60,65,65,62,63
63,63,58,64,65,64,63,64,64,64,56,60,64,67,62,64
63,66,59,63,63,65,66,66,65,63,59,61,65,65,61,61
67,65,57,56,65,64,64,60,61,63,59,62,64,63,61,65
65,64,57,61,65,66,60,62,64,66,61,62,61,64,62,64
65,61,59,61,65,63,60,61,64,65,56,58,67,67,61,66
65,64,61,60,59,65,63,60,66,63,53,59,62,64,58,63
66,65,60,61,60,67,66,64,65,64,57,62,63,62,57,63
64,61,57,61,61,65,62,61,65,65,59,63,64,60,62,66
67,65,59,59,65,64,59,58,65,67,58,60,63,62,61,62
61,66,58,63,60,64,61,64,68,65,56,59,63,66,60,61
64,66,61,61,61,62,58,63,63,63,57,58,62,64,62,63
66,66,62,61,63,62,61,62,63,62,58,60,63,58,58,61
65,68,58,59,62,63,58,58,63,67,62,60,62,63,61,64
64,68,59,61,63,64,57,62,63,66,60,58,63,61,60,64
64,66,61,61,64,65,57,61,65,63,60,60,62,62,58,58
63,65,61,61,63,60,59,64,65,63,58,65,62,62,59,60
64,67,61,60,61,63,60,60,61,64,64,65,64,61,59,60
66,65,57,62,62,63,58,56,66,65,61,60,60,61,61,61
66,63,58,62,64,65,58,62,67,64,57,58,59,62,60,59
62,63,61,66,62,62,56,60,64,65,58,59,64,63,62,59
61,64,61,64,63,61,61,62,63,62,58,60,62,64,59,59
65,69,61,61,64,61,61,63,63,68,61,62,66,64,59,60
64,65,55,62,64,65,56,58,60,64,60,58,62,64,60,63
64,64,62,62,65,60,60,59,63,68,59,60,64,63,60,62
62,62,58,62,60,62,62,61,64,63,58,60,65,66,61,61
62,66,58,61,59,65,59,61,65,64,58,61,65,65,59,58
65,64,60,61,65,65,61,63,64,62,62,59,61,63,57,59
63,61,58,61,64,67,61,62,64,64,59,58,65,66,63,63
60,62,58,65,62,67,59,56,61,64,53,58,63,66,63,60
61,62,59,61,61,64,61,62,63,63,58,57,65,61,59,59
63,64,57,58,62,61,62,61,62,60,58,63,64,62,60,62
61,64,53,59,61,65,61,59,61,61,55,62,63,61,61,63
60,62,57,59,62,63,58,62,65,65,57,57,60,59,61,64
61,58,55,59,61,59,58,64,63,63,57,58,60,61,63,59
61,64,58,59,61,64,58,65,60,57,53,59,62,60,59,58
62,65,58,56,63,64,62,65,61,59,56,57,60,59,56,60
65,61,55,57,63,65,59,59,62,60,57,58,62,62,62,62
65,62,56,59,59,61,57,63,62,61,54,58,58,61,60,61
64,61,58,62,61,61,57,62,62,64,56,56,57,61,61,60
64,63,59,57,60,61,59,59,62,63,54,60,61,59,59,61
67,66,57,60,59,62,58,58,60,59,51,57,58,58,55,60
65,62,56,53,61,60,60,57,61,62,58,57,60,63,60,60
64,62,55,58,62,59,56,57,64,65,58,54,57,60,58,61
63,60,57,60,63,61,59,62,60,63,56,59,62,62,58,58
61,62,57,57,59,62,60,61,62,63,57,57,60,58,55,59
68,62,62,57,60,61,58,56,60,63,58,58,59,61,56,60
66,62,56,59,61,63,59,61,59,63,59,58,59,60,57,60
63,61,57,60,62,61,57,58,62,63,58,59,61,61,58,59
62,61,61,60,60,58,57,59,63,61,54,61,60,60,56,58
66,62,61,58,60,63,58,60,63,62,53,61,62,60,56,55
63,64,57,57,60,63,57,56,60,61,55,62,62,60,58,60
64,63,57,57,63,60,57,55,62,64,58,59,62,58,59,60
62,61,56,61,64,61,54,57,61,64,54,60,60,64,58,58
57,63,61,60,60,63,57,60,63,62,57,58,64,60,56,56
60,64,59,58,63,61,58,58,61,62,58,60,60,59,56,59
62,65,60,57,63,66,59,58,59,62,59,61,63,61,56,62
62,62,57,58,65,65,56,57,61,61,56,56,60,63,58,60
58,59,59,61,63,60,56,57,62,57,56,57,63,62,60,58
61,59,57,58,60,63,58,61,63,61,54,58,62,65,60,59
64,62,54,56,62,61,58,61,58,59,56,62,59,65,58,56
59,62,56,57,64,62,61,58,61,60,58,60,58,61,60,62
62,63,54,61,67,60,59,60,61,60,56,56,58,61,59,60
60,58,55,60,62,61,57,61,62,63,53,55,61,66,58,58
63,64,56,61,61,62,63,61,61,59,53,58,61,62,59,59
60,63,55,56,62,61,60,60,59,59,55,61,60,61,59,64
64,62,53,56,61,61,60,58,60,59,56,56,58,62,58,64
63,59,56,59,62,59,58,61,62,63,56,54,60,61,59,61
62,57,54,58,60,60,58,60,65,61,52,57,63,63,58,62
62,66,58,61,60,64,58,62,58,60,52,56,59,61,55,60
63,63,55,58,60,61,60,59,63,65,58,57,61,60,58,61
62,61,54,58,59,61,58,58,65,62,57,58,59,59,58,63
62,60,56,60,61,63,59,57,63,65,54,58,60,59,60,59
59,63,58,56,59,59,58,58,64,63,55,58,61,60,59,58
62,66,59,57,59,62,59,60,63,58,56,57,62,60,57,60
62,63,55,58,60,62,57,58,61,62,57,60,59,61,58,63
63,64,58,59,60,63,56,58,63,63,62,59,61,57,58,64
60,63,58,58,62,62,57,60,67,65,58,57,61,60,59,61
60,63,58,59,58,60,54,65,67,64,64,64,65,64,62,62
64,67,63,62,63,64,63,65,66,65,65,65,63,65,62,64
68,67,63,62,64,66,62,64,66,62,64,63,63,64,63,64
62,68,62,63,70,63,61,64,71,60,79,59,65,62,69,60
62,75,61,63,63,68,61,63,66,72,62,65,66,63,63,60
69,64,64,63,66,62,63,65,67,65,61,68,64,63,62,63
63,72,60,66,65,66,62,65,63,63,62,66,66,67,64,64
66,69,62,66,64,64,62,61,63,64,64,62,64,65,63,63
68,66,61,63,67,64,63,63,62,63,64,63,69,66,64,59
59,59,59,59,59,59,59,59,59,59,59,59,59,59,59,59
59,59,59,59,59,59,59,59,59,59,60,61,65,70,69,74
81,91,84,87,96,100,104,102,107,105,106,105,111,108,107,102
110,107,103,111,111,121,120,119,121,121,117,120,127,131,125,127
129,129,125,129,128,130,126,122,128,126,119,121,125,132,130,135
133,138,134,135,133,132,130,130,133,136,127,127,146,163,194,223
256,268,259,236,209,180,154,137,121,113,100,105,107,108,106,109
111,112,107,112,113,119,114,112,112,115,108,114,120,117,114,114
117,115,110,110,116,116,113,112,114,116,112,109,118,117,119,118
120,122,117,118,121,122,117,120,124,120,115,117,119,121,117,117
112,117,113,114,118,119,116,120,121,121,118,123,124,126,122,120
122,120,116,115,121,121,119,122,123,117,111,113,114,114,111,112
116,122,118,116,126,129,124,128,128,125,121,122,119,121,121,120
122,119,113,116,120,121,118,120,122,120,118,116,118,123,120,123
124,123,118,119,120,123,116,117,124,116,112,114,115,119,116,114
118,119,115,113,116,119,117,122,123,121,117,118,118,120,115,115
122,120,111,115,113,117,112,114,116,116,111,115,118,117,114,117
122,122,112,112,120,118,115,115,113,114,111,113,114,114,112,114
118,114,109,111,114,114,109,113,114,117,111,110,115,112,111,112
117,113,108,113,116,114,110,111,116,114,106,106,113,116,110,109
112,113,109,112,109,110,109,112,111,111,107,108,111,110,107,108
111,110,108,108,109,106,104,109,107,108,105,106,109,106,103,110
110,111,105,105,109,112,105,108,107,108,106,109,106,106,102,108
108,107,105,105,106,108,101,101,105,109,100,100,103,104,103,105
110,106,104,106,106,103,100,104,107,106,101,102,102,105,97,100
105,104,104,103,102,102,97,102,104,105,98,104,104,103,96,99
105,105,101,101,98,101,100,98,101,104,100,104,103,100,97,100
105,103,98,103,103,101,95,95,102,103,98,101,100,100,99,99
99,99,93,98,102,99,95,96,99,102,92,99,100,99,97,96
98,100,96,99,101,100,95,97,99,101,93,95,99,98,92,94
97,98,98,95,98,98,93,95,98,96,90,96,98,95,92,94
94,98,93,94,97,101,94,93,95,94,89,95,95,94,91,92
96,95,91,91,98,97,94,91,92,94,91,94,93,93,91,94
91,91,90,94,94,93,88,90,93,90,86,90,94,94,91,90
93,93,88,93,95,94,88,90,91,92,85,89,91,95,88,88
90,91,87,86,91,91,89,92,90,87,83,91,92,92,87,88
90,91,85,88,91,90,85,86,88,87,85,90,88,90,88,90
92,90,82,84,87,88,86,85,87,91,82,85,86,89,86,86
87,85,81,87,89,88,84,86,88,89,82,81,85,86,86,86
87,86,83,84,88,83,84,85,87,85,78,78,87,88,82,83
89,86,81,83,86,87,85,82,84,81,76,84,84,83,80,84
84,86,80,78,85,85,84,82,83,80,78,81,83,81,80,85
84,82,78,80,86,82,83,80,81,81,78,75,80,81,82,84
83,81,76,80,82,82,82,80,85,81,75,77,78,84,77,81
81,80,78,80,77,81,80,81,85,81,74,78,82,84,77,79
82,81,76,75,79,79,79,78,79,78,75,76,79,79,78,79
84,81,75,74,78,82,81,77,83,83,77,78,76,80,76,80
81,79,72,75,77,77,75,74,81,79,73,74,76,76,76,78
80,78,76,78,76,75,76,74,82,78,71,72,77,76,74,76
77,78,75,75,77,75,77,74,77,76,68,73,76,74,71,77
77,81,74,70,73,74,72,72,77,77,71,75,78,74,71,72
76,77,72,71,75,74,74,71,75,74,71,71,71,71,71,73
75,76,68,72,76,76,70,72,77,77,72,70,70,74,72,75
71,75,70,72,71,71,66,70,76,75,71,70,71,71,71,70
74,75,71,69,72,69,69,72,75,71,70,69,70,73,67,71
73,75,69,67,69,71,69,71,71,72,70,71,70,70,67,70
75,75,65,67,71,70,66,67,71,72,68,68,70,71,67,70
74,74,67,71,71,68,66,67,73,72,67,66,68,68,67,67
72,72,69,70,71,70,67,69,73,70,67,69,70,66,68,66
72,72,64,68,68,69,68,68,70,70,65,69,70,71,64,68
72,71,65,66,70,68,67,68,68,67,67,65,70,68,66,66
71,68,64,64,68,70,67,67,68,70,66,66,66,65,66,68
69,67,66,70,69,68,64,66,68,69,64,66,70,67,67,65
67,69,67,68,69,67,66,66,67,68,64,66,72,68,65,65
66,65,65,65,67,69,66,67,65,66,66,66,70,68,64,68
67,69,65,66,65,70,64,66,67,64,64,66,66,69,67,67
67,66,64,65,67,70,65,62,67,68,64,66,66,65,66,66
65,65,63,67,66,67,64,65,66,68,63,65,67,67,65,65
64,64,65,67,67,66,64,64,66,67,63,65,66,66,64,65
64,67,63,65,64,66,66,62,66,65,64,65,67,65,64,64
64,64,64,62,66,66,64,62,63,64,63,64,65,64,66,65
66,64,64,65,68,67,62,63,64,65,63,64,65,66,65,64
66,65,63,64,64,65,61,63,62,63,62,65,66,65,64,63
65,64,65,62,65,64,63,66,64,63,60,63,66,65,64,63
65,65,63,62,65,66,63,65,65,63,62,64,63,64,64,63
65,64,62,61,64,65,62,65,67,64,64,64,63,65,65,61
66,64,62,63,65,65,61,61,65,64,62,62,60,64,64,61
66,64,63,65,64,64,61,66,65,64,62,62,63,63,62,61
64,65,62,62,64,64,63,65,63,65,60,63,63,62,64,57
65,63,53,53,57,59,58,58,58,59,51,57,55,55,55,57
62,60,52,54,59,58,55,57,60,61,54,57,56,56,58,59
61,56,51,55,59,55,54,59,60,61,51,53,56,57,57,55
57,58,55,57,58,56,53,55,59,61,53,52,56,57,51,52
58,61,58,57,55,58,54,57,58,59,51,53,59,57,50,54
56,56,53,56,54,56,55,56,56,59,55,55,55,55,53,55
58,56,53,54,58,57,51,51,60,58,54,51,54,54,51,53
56,56,56,55,58,55,49,52,56,61,52,54,56,58,51,53
55,53,52,57,56,55,50,51,55,57,47,52,58,60,50,50
60,58,52,56,55,53,52,54,57,56,52,54,56,53,50,54
57,58,52,55,56,54,53,51,55,56,52,59,56,57,53,56
56,58,51,54,56,57,52,50,57,57,52,54,55,55,52,57
55,56,53,55,54,54,50,51,58,59,49,53,58,54,51,52
55,56,54,53,56,54,52,51,56,58,50,55,57,57,52,51
56,57,51,52,57,57,54,54,54,56,49,57,57,53,50,53
56,57,53,52,61,57,54,53,54,55,52,53,56,54,54,55
57,55,52,52,59,56,49,50,56,54,52,53,55,57,52,53
53,53,51,56,57,55,48,53,55,55,48,51,54,58,52,53
54,54,52,53,56,54,52,52,55,53,52,53,57,57,53,50
55,55,55,49,53,54,52,53,56,53,47,53,54,60,50,55
57,56,46,51,57,59,54,52,55,54,46,53,56,57,53,55
56,55,49,53,57,55,54,50,54,54,49,51,54,58,52,53
54,54,50,51,56,54,52,53,58,52,48,51,54,57,52,53
53,55,48,49,55,56,55,54,52,52,48,50,55,56,50,50
51,57,47,49,58,58,55,54,54,55,50,49,57,56,51,53
53,54,49,51,54,55,55,54,55,55,50,52,54,55,52,54
56,52,48,54,56,54,51,52,53,56,52,50,52,56,52,55
56,57,51,54,54,54,52,53,58,56,51,49,55,57,50,55
56,55,52,52,50,55,52,54,57,53,46,53,55,56,50,55
58,56,50,51,51,57,56,52,53,53,51,53,53,54,51,53
55,54,48,52,54,56,53,51,57,56,51,52,54,53,54,55
57,53,49,50,54,54,53,50,61,57,49,51,51,56,53,55
53,55,48,50,51,54,53,53,57,54,47,50,54,52,51,53
56,59,50,51,50,53,55,55,57,57,49,53,54,53,50,53
56,57,52,53,55,54,53,50,54,54,49,50,53,51,54,55
55,57,50,52,55,57,50,51,56,58,52,49,51,53,51,52
52,53,51,53,54,53,49,50,56,55,50,51,55,52,52,52
55,59,53,51,55,53,51,54,56,54,49,50,55,53,49,50
55,58,51,52,52,53,53,54,55,53,50,53,55,54,51,51
55,56,51,54,53,53,49,49,55,56,51,54,54,50,51,52
56,57,50,51,53,55,50,49,57,57,53,53,53,53,52,51
56,55,50,55,55,53,51,52,54,54,50,49,55,56,51,53
55,54,49,58,52,54,50,53,56,53,50,52,55,53,49,49
54,57,52,56,55,55,51,52,55,54,53,55,54,54,49,51
57,59,48,53,54,54,53,53,54,56,52,53,54,52,49,53
52,54,47,53,56,51,46,49,53,57,52,50,56,59,53,53
55,56,53,56,57,54,50,53,56,57,54,51,57,58,51,52
56,56,53,53,54,56,50,52,52,54,50,53,56,57,51,53
55,56,52,52,53,57,51,52,53,56,51,52,57,55,52,54
58,57,53,52,56,57,52,52,55,55,54,51,54,55,53,53
55,54,49,54,56,60,51,53,55,56,51,52,56,58,56,54
55,56,50,53,54,58,52,53,55,55,48,50,55,56,53,52
55,56,51,52,56,56,55,53,54,52,50,53,56,55,53,53
57,55,50,52,55,59,56,53,56,54,48,52,55,58,53,57
57,56,50,50,52,59,52,53,53,57,47,51,56,54,54,56
54,55,52,52,53,56,53,54,58,55,47,51,56,53,56,54
55,54,54,48,56,55,52,56,55,56,48,53,58,56,53,54
53,55,53,53,54,58,52,55,56,52,48,53,58,58,53,59
57,58,50,51,55,60,54,57,58,54,52,54,55,55,53,56
56,54,52,53,55,58,53,54,58,55,51,53,54,56,54,55
57,57,50,54,56,59,52,57,57,57,50,52,54,58,53,51
59,61,52,52,55,55,57,57,57,55,50,53,56,55,56,53
57,58,52,50,54,55,55,57,57,57,49,53,56,56,52,54
61,58,52,54,56,57,53,52,56,56,50,52,54,55,55,55
60,58,51,55,57,57,55,55,59,60,52,50,54,57,55,52
58,53,53,56,57,56,55,57,61,60,52,51,54,55,55,57
58,58,54,52,55,56,53,57,57,57,49,53,58,54,52,53
58,59,52,51,57,58,53,59,58,59,54,54,56,54,52,54
60,58,52,52,57,58,54,54,55,56,54,54,57,54,54,58
61,59,54,57,56,56,51,56,56,61,53,52,53,57,55,54
56,57,54,57,58,56,52,54,59,59,52,55,58,55,53,52
58,56,55,53,54,54,53,53,58,59,52,52,57,57,51,52
61,58,57,56,53,59,57,52,56,59,52,56,56,55,51,55
60,56,52,50,54,59,54,49,57,58,51,60,58,56,52,57
57,55,53,54,56,56,54,52,59,58,52,55,57,56,56,56
57,59,52,57,59,55,53,56,58,58,50,56,57,60,53,55
56,58,55,58,58,58,55,57,60,56,53,56,61,58,52,52
59,59,53,51,59,58,55,54,55,56,53,55,57,57,55,53
58,59,54,53,59,59,52,56,54,58,54,55,55,56,54,56
57,57,54,57,62,56,51,53,59,59,52,54,57,57,54,55
57,57,57,54,57,56,53,52,55,53,52,55,59,58,53,54
55,58,55,56,57,55,55,57,58,56,50,56,58,57,51,53
57,57,51,53,60,61,55,53,55,56,53,57,57,60,55,54
59,58,52,54,60,57,51,53,57,57,53,54,55,59,54,55
59,56,52,56,61,59,54,54,56,57,52,54,57,61,58,54
56,57,52,56,59,54,56,57,57,58,51,54,58,62,54,55
58,60,55,53,58,57,58,59,57,58,53,53,59,57,53,56
59,60,52,56,58,59,59,57,57,57,53,52,57,57,55,59
59,56,52,54,58,59,54,60,57,57,54,53,58,59,55,59
60,56,54,57,59,58,58,56,61,58,54,53,56,61,57,58
59,57,53,53,55,56,55,58,61,57,47,53,59,60,57,57
58,60,55,54,56,59,56,57,58,58,55,57,58,60,54,59
63,61,54,54,56,59,57,58,60,57,54,54,57,58,56,58
63,58,54,57,60,60,58,56,60,60,54,55,54,57,57,58
56,57,53,55,56,58,55,57,61,61,49,54,58,61,57,57
59,59,56,56,58,59,60,56,62,60,53,56,62,58,57,57
59,62,55,54,60,60,59,59,61,58,54,57,60,59,54,60
59,61,54,54,59,59,56,58,59,60,53,55,58,58,56,62
59,60,55,59,60,58,52,54,60,61,55,54,59,58,57,62
59,61,57,56,58,58,55,58,63,61,54,56,60,57,55,57
59,63,59,59,58,56,56,58,60,58,57,58,58,58,56,56
60,65,56,55,59,60,56,58,59,59,57,56,58,55,56,54
61,62,53,53,61,58,53,56,61,62,56,59,58,59,59,58
59,61,50,57,61,61,55,56,61,61,53,56,56,59,56,56
61,63,56,59,59,57,55,58,60,57,54,53,63,59,54,53
59,63,55,56,59,60,54,57,59,59,56,55,61,60,54,56
62,62,53,60,60,61,54,56,56,58,55,59,61,59,56,57
59,59,52,57,62,59,56,54,58,62,58,58,62,58,56,58
62,58,53,58,60,60,54,54,59,61,55,54,62,62,58,57
60,60,56,61,59,59,55,55,59,60,52,56,64,62,55,54
60,60,56,57,57,62,56,60,60,58,53,58,62,56,52,55
60,61,56,57,59,60,57,58,59,59,55,55,60,61,55,59
61,59,54,59,59,63,56,58,59,61,52,54,57,60,57,56
59,59,53,61,61,59,53,56,61,61,54,55,60,61,58,58
59,58,56,55,56,60,59,55,59,55,53,56,61,60,56,56
61,59,55,57,58,64,59,57,57,57,53,57,61,57,56,56
59,60,54,57,59,60,56,56,58,59,53,57,62,54,59,59
61,59,54,58,61,61,55,56,57,59,52,53,58,62,60,57
56,57,56,57,61,60,56,61,62,61,51,56,61,62,62,58
57,59,53,54,57,59,55,59,59,58,51,60,62,59,56,56
61,61,54,55,62,61,58,62,59,56,54,58,60,59,60,56
61,60,52,55,60,62,57,60,59,61,54,57,58,58,56,60
61,61,55,56,60,61,56,60,61,61,53,58,60,60,60,58
59,59,55,57,58,63,57,58,62,60,55,56,57,62,60,59
63,62,56,56,56,58,59,61,63,60,53,55,58,61,56,56
62,61,53,55,57,59,59,60,59,61,55,58,58,59,60,58
63,62,55,54,60,59,58,57,59,63,58,56,60,59,58,61
62,60,53,59,62,59,57,59,60,61,56,55,58,61,57,58
61,60,52,58,59,61,56,59,61,63,53,60,60,61,56,58
61,61,58,59,60,59,58,58,60,59,55,55,60,58,55,57
64,63,53,57,60,61,60,57,57,63,56,59,58,57,55,58
62,61,52,55,62,62,56,57,60,63,58,56,57,60,56,59
62,58,55,61,60,58,56,54,60,63,56,56,59,60,55,58
63,60,58,59,57,61,56,57,63,63,54,58,60,63,55,58
61,64,58,59,59,60,57,59,61,60,51,60,63,62,55,57
62,60,57,57,61,61,59,59,61,62,57,60,61,56,57,59
63,60,56,57,63,60,57,54,59,62,57,60,62,60,58,57
60,62,56,59,63,60,57,58,60,61,55,57,63,62,60,58
60,61,56,60,61,58,56,57,61,60,55,58,66,61,57,57
61,61,58,57,59,59,58,58,61,60,55,60,61,59,54,60
63,64,58,56,62,63,60,58,61,61,55,60,59,58,57,59
59,61,58,60,63,61,52,54,62,63,58,57,63,61,57,59
61,61,57,58,62,59,56,55,61,63,53,57,63,60,60,57
60,63,59,58,63,60,56,60,62,59,54,60,61,63,57,58
62,62,57,57,62,62,60,58,61,58,58,60,61,61,57,56
63,64,56,60,63,62,58,58,60,58,56,58,60,60,59,60
61,61,53,60,63,57,58,58,58,62,56,58,60,62,56,59
59,61,54,59,62,60,59,59,63,62,53,59,63,63,59,56
58,62,57,58,60,58,61,62,61,62,52,57,63,63,59,61
62,59,56,58,61,63,61,63,61,60,55,60,62,64,58,63
60,62,58,60,62,66,61,60,58,60,57,57,61,59,57,65
63,59,58,61,66,62,62,61,61,63,54,54,62,65,60,64
61,61,57,59,62,61,59,63,62,62,55,57,63,64,61,61
61,63,56,60,59,61,59,60,61,60,55,59,63,62,58,58
65,63,58,58,63,60,61,59,61,62,58,59,59,60,57,61
63,61,55,59,63,67,61,59,65,64,59,57,61,60,58,63
64,58,55,62,59,60,57,61,64,65,54,55,61,63,59,61
61,61,59,59,60,57,58,59,65,64,52,55,61,61,59,59
63,63,57,57,59,62,60,57,62,59,55,60,62,59,57,61
64,63,57,58,59,63,57,58,60,63,54,60,61,58,57,60
64,61,58,57,63,61,60,59,63,61,57,57,61,61,61,60
61,65,60,57,65,62,55,61,64,64,57,55,59,63,61,62
63,62,59,60,59,60,58,65,70,66,63,65,64,64,64,63
67,68,62,61,64,63,64,65,69,64,65,63,66,64,64,64
69,69,64,62,63,66,63,63,67,65,64,64,64,67,65,60
61,104,59,62,72,83,59,75,67,63,60,78,61,59,70,89
62,59,120,59,63,63,68,62,66,79,61,62,62,81,61,60
64,76,61,61,76,65,63,61,78,60,62,63,75,60,75,59
77,77,59,64,61,63,60,61,63,71,72,65,71,74,61,95
65,68,64,72,64,61,64,75,61,63,61,62,60,60,60,60
60,69,62,64,69,70,64,63,68,71,65,61,59,59,59,59
59,59,59,59,59,59,59,59,59,59,59,59,59,59,59,59
59,59,59,59,59,59,59,59,59,59,59,59,59,59,59,99
166,228,279,349,394,467,513,563,599,651,673,708,717,730,757,764
788,793,817,836,841,849,863,885,897,918,938,946,987,1005,1013,1029
1050,1059,1045,1043,1062,1069,1058,1049,1066,1070,1067,1076,1094,1087,1090,1096
1098,1093,1104,1121,1126,1133,1137,1146,1142,1186,1275,1423,1571,1714,1811,1881
1920,1939,1933,1919,1891,1866,1838,1813,1790,1722,1595,1438,1274,1118,989,905
850,817,791,791,798,811,815,826,839,846,853,852,851,855,863,859
860,856,851,850,855,855,851,851,858,861,858,867,879,886,890,891
901,903,901,913,921,926,925,929,932,931,922,922,916,910,905,901
896,898,902,909,911,915,918,924,928,934,932,939,949,949,950,948
955,958,954,948,951,947,939,927,916,900,889,890,892,889,893,901
908,913,915,922,928,939,942,949,954,960,961,970,973,975,971,972
964,956,943,938,940,940,930,936,938,940,938,943,947,948,951,953
952,950,948,947,949,946,938,940,939,930,923,920,917,917,910,908
907,906,906,909,911,913,914,917,919,918,913,916,917,920,913,912
915,909,899,900,896,894,894,895,891,886,884,885,885,886,885,886
891,888,881,884,887,887,885,884,882,881,876,874,875,869,868,869
871,865,855,856,857,855,846,847,847,848,841,839,842,843,842,841
847,844,839,843,843,840,837,840,841,838,828,827,828,827,822,820
823,818,813,812,814,813,811,810,811,811,808,807,810,805,802,802
807,808,797,799,794,793,788,788,785,780,773,776,775,774,768,773
775,773,765,773,773,773,770,771,773,775,770,768,767,765,762,760
761,757,751,749,751,747,743,741,744,744,736,737,742,744,740,745
744,742,740,741,738,735,732,732,735,730,721,720,719,718,712,711
709,711,709,709,705,705,706,708,712,709,704,707,710,706,699,704
708,702,699,696,697,694,691,691,695,689,685,687,687,683,682,682
685,684,679,681,680,679,672,672,675,677,667,670,667,665,659,664
663,658,655,657,656,654,650,649,652,654,645,648,649,647,647,648
646,646,642,640,643,640,634,635,639,639,629,632,633,630,625,624
626,627,623,618,623,622,616,617,618,618,611,615,616,613,606,609
610,613,604,603,603,601,596,595,593,594,588,590,589,585,583,585
585,585,579,581,587,584,577,578,580,582,575,577,576,575,572,573
573,567,565,563,567,562,557,556,560,556,550,549,549,552,547,546
545,548,544,545,547,544,535,539,540,537,528,531,534,532,525,524
528,528,523,519,523,520,519,515,521,516,514,516,516,515,510,510
513,510,500,504,506,505,501,497,500,498,494,497,494,496,492,496
494,494,485,487,490,491,484,481,484,483,478,481,474,476,474,472
473,470,466,471,471,468,464,463,467,468,461,462,463,465,462,457
461,460,454,457,460,455,454,454,456,451,440,444,450,447,444,442
443,443,433,437,438,440,439,436,434,436,427,432,435,433,429,428
431,429,422,421,426,427,423,419,421,419,417,413,414,416,412,412
417,412,408,408,414,409,407,407,408,406,402,400,403,405,401,403
402,398,395,400,399,397,394,394,394,391,382,386,391,392,384,386
387,385,380,380,382,382,380,378,381,379,369,371,376,375,371,372
374,372,365,364,367,369,370,367,367,365,359,360,367,366,358,362
362,360,352,354,353,356,352,349,350,350,343,346,346,347,344,347
346,344,335,337,339,340,337,337,341,338,331,329,333,335,330,332
331,326,324,326,325,324,322,321,326,325,317,316,320,318,314,317
316,319,311,314,312,314,310,309,316,311,300,305,304,304,299,301
303,304,297,296,295,297,295,295,295,291,290,291,292,288,286,288
290,289,281,281,283,284,278,277,281,281,277,275,275,275,275,277
278,278,270,272,274,272,266,268,273,271,264,267,262,265,262,264
263,266,259,260,259,255,256,256,259,258,251,249,254,253,250,248
248,253,247,246,247,247,243,244,244,245,240,241,242,240,239,238
241,242,235,234,235,236,231,232,237,233,232,233,231,230,227,228
232,230,222,222,226,226,219,221,223,224,219,216,217,216,216,216
218,215,210,213,218,212,210,210,216,216,209,206,208,207,206,206
208,208,202,206,206,204,199,202,206,202,194,196,200,199,195,194
199,200,192,198,195,193,190,193,195,194,188,191,192,187,183,184
190,191,184,185,186,186,180,178,183,183,178,180,179,177,176,178
180,181,172,177,178,175,171,169,173,177,170,170,170,171,166,169
169,171,164,168,170,168,160,167,164,166,159,159,162,161,159,157
157,160,155,157,155,154,151,152,153,154,149,149,159,153,147,150
151,151,148,147,148,148,144,146,144,146,141,143,147,144,138,142
144,144,135,139,140,142,137,137,137,138,135,138,139,134,131,133
136,133,129,133,133,132,128,128,129,130,124,123,126,127,123,125
124,121,122,121,123,124,118,116,123,119,114,115,122,121,118,116
117,114,111,116,116,118,113,111,115,112,106,110,113,113,109,104
110,111,104,105,107,109,108,102,105,101,100,100,104,102,99,102
99,99,94,95,99,103,98,96,94,98,92,93,94,96,94,95
94,94,87,91,93,93,88,88,91,93,86,85,91,88,92,91
85,87,84,83,88,85,81,81,89,85,78,80,84,83,81,80
78,79,76,76,78,79,78,80,79,79,71,75,78,79,76,75
74,76,70,72,73,77,71,71,74,72,69,72,75,69,69,73
73,74,69,67,73,71,68,70,70,67,67,67,68,65,69,67
70,64,63,65,67,67,62,66,67,66,63,65,63,66,65,63
64,63,63,64,63,63,62,63,64,63,61,63,61,63,63,61
64,65,61,62,61,63,61,64,62,61,60,60,61,61,61,48
56,53,47,47,48,50,48,49,49,48,46,47,48,48,42,45
50,45,40,44,43,47,41,42,43,44,38,40,40,41,39,43
46,40,35,37,40,40,38,35,41,41,36,31,36,38,35,36
37,35,30,33,35,32,32,35,36,38,23,29,33,33,29,29
33,33,26,26,26,29,27,28,26,30,25,27,28,27,21,25
28,27,20,23,24,26,23,23,24,24,22,17,20,21,17,21
24,22,16,19,22,19,17,19,19,20,20,16,15,19,14,14
16,17,13,16,18,16,9,11,16,17,9,8,12,14,12,12
12,14,14,13,10,7,9,12,11,13,5,10,12,12,5,9
13,10,10,4,7,7,5,7,10,8,5,7,7,4,2,7
6,8,3,4,4,6,0,0,1,5,0,5,8,2,1,3
5,2,1,3,5,2,1,1,0,7,2,0,2,0,2,2
4,1,0,1,3,0,-3,-3,3,3,-1,-2,4,3,2,0
-3,0,-1,-3,0,0,-4,-3,0,-1,-7,0,2,-3,-5,-5
-4,0,-3,-4,0,2,-4,-5,-4,-3,-5,-2,-1,-6,-7,-5
-5,-3,-8,-6,-2,-3,-8,-10,-7,-5,-8,-7,-6,-6,-4,-7
-8,-7,-8,-9,-5,-5,-11,-10,-7,-6,-11,-11,-12,-8,-12,-11
-9,-13,-13,-11,-9,-10,-14,-13,-11,-10,-12,-12,-15,-8,-14,-14
-12,-12,-13,-17,-14,-11,-11,-15,-13,-15,-14,-13,-12,-13,-15,-16
-16,-16,-20,-16,-14,-15,-17,-18,-19,-20,-22,-19,-17,-18,-21,-19
-18,-18,-21,-21,-18,-18,-20,-22,-22,-21,-24,-21,-24,-22,-21,-24
-21,-23,-26,-23,-21,-21,-21,-27,-22,-23,-24,-25,-25,-20,-22,-25
-28,-24,-28,-24,-23,-24,-26,-24,-26,-26,-29,-26,-26,-25,-29,-28
-29,-26,-32,-27,-26,-28,-29,-28,-28,-31,-31,-30,-29,-27,-30,-30
-25,-29,-33,-31,-25,-26,-25,-30,-29,-31,-31,-29,-28,-30,-31,-28
-27,-28,-32,-33,-28,-29,-26,-30,-31,-29,-30,-33,-29,-31,-30,-33
-29,-29,-34,-31,-28,-29,-30,-29,-30,-30,-34,-36,-28,-27,-30,-29
-29,-30,-32,-28,-28,-32,-30,-30,-26,-27,-33,-34,-26,-28,-28,-28
-28,-27,-29,-31,-31,-28,-30,-28,-30,-29,-35,-29,-28,-27,-31,-27
-26,-28,-33,-31,-31,-27,-28,-29,-28,-28,-33,-31,-31,-27,-28,-25
-26,-28,-29,-32,-28,-27,-29,-29,-27,-26,-31,-33,-31,-27,-27,-28
-28,-29,-33,-28,-26,-26,-31,-29,-23,-25,-34,-34,-32,-30,-28,-28
-28,-27,-32,-31,-30,-30,-29,-28,-25,-30,-34,-31,-29,-26,-28,-27
-28,-28,-32,-33,-31,-29,-30,-31,-28,-29,-33,-31,-30,-31,-31,-29
-25,-28,-33,-35,-31,-32,-31,-30,-29,-26,-33,-31,-31,-32,-31,-30
-31,-28,-34,-33,-31,-31,-34,-32,-28,-31,-35,-35,-33,-32,-38,-28
-31,-28,-34,-33,-33,-33,-34,-34,-29,-32,-37,-38,-31,-33,-35,-34
-34,-30,-35,-34,-35,-35,-37,-34,-32,-34,-35,-33,-34,-32,-37,-37
-34,-30,-35,-38,-36,-36,-39,-36,-36,-34,-35,-35,-33,-36,-38,-35
-33,-33,-38,-38,-35,-36,-36,-36,-34,-36,-37,-37,-36,-37,-38,-37
-35,-32,-38,-37,-36,-34,-38,-36,-32,-32,-35,-36,-37,-36,-38,-37
-35,-33,-36,-35,-32,-34,-38,-37,-31,-34,-36,-36,-36,-33,-36,-36
-35,-32,-36,-32,-33,-35,-34,-35,-33,-35,-35,-35,-32,-36,-36,-36
-32,-28,-33,-34,-33,-34,-33,-33,-31,-32,-33,-32,-30,-34,-35,-35
-31,-30,-34,-29,-30,-30,-34,-33,-33,-30,-31,-31,-32,-32,-32,-33
-28,-27,-32,-29,-29,-32,-32,-35,-31,-30,-32,-32,-31,-32,-32,-31
-28,-27,-33,-27,-29,-31,-33,-31,-28,-27,-32,-29,-25,-27,-30,-31
-27,-27,-30,-29,-28,-28,-32,-28,-28,-27,-29,-28,-25,-26,-31,-30
-28,-26,-29,-29,-28,-27,-30,-30,-29,-28,-29,-29,-28,-28,-32,-31
-27,-30,-32,-30,-27,-27,-31,-32,-31,-27,-30,-30,-27,-28,-31,-29
-29,-31,-33,-30,-29,-26,-31,-28,-28,-26,-32,-30,-26,-26,-31,-31
-31,-28,-30,-25,-27,-28,-28,-31,-28,-29,-35,-32,-28,-29,-30,-33
-28,-29,-31,-29,-29,-27,-31,-29,-30,-31,-30,-28,-27,-28,-31,-30
-28,-28,-30,-29,-30,-26,-30,-32,-32,-28,-33,-29,-29,-29,-28,-27
-29,-29,-32,-29,-25,-24,-27,-28,-28,-29,-31,-30,-27,-28,-27,-27
-28,-28,-30,-29,-25,-27,-29,-28,-25,-25,-31,-29,-24,-26,-25,-27
-29,-27,-28,-27,-26,-25,-27,-23,-25,-23,-30,-27,-23,-24,-24,-24
-25,-24,-29,-29,-23,-23,-26,-23,-25,-24,-28,-24,-19,-22,-24,-21
-20,-21,-23,-23,-19,-18,-21,-21,-21,-24,-27,-27,-23,-20,-19,-19
-21,-19,-23,-21,-17,-17,-20,-19,-19,-18,-25,-22,-21,-18,-19,-19
-17,-18,-21,-20,-18,-17,-19,-16,-17,-17,-17,-18,-17,-13,-16,-16
-16,-16,-16,-17,-16,-16,-17,-14,-13,-15,-19,-15,-15,-14,-14,-18
-10,-13,-17,-17,-14,-12,-12,-15,-14,-13,-17,-10,-11,-12,-13,-14
-10,-11,-18,-15,-14,-12,-15,-15,-10,-11,-14,-13,-16,-16,-12,-11
-8,-11,-15,-13,-11,-9,-13,-13,-14,-11,-17,-15,-14,-11,-11,-13
-10,-11,-15,-13,-11,-15,-15,-12,-12,-10,-17,-14,-13,-11,-13,-16
-13,-13,-16,-13,-10,-12,-12,-10,-12,-11,-12,-14,-9,-14,-13,-12
-11,-13,-16,-17,-9,-13,-13,-13,-10,-10,-12,-16,-12,-11,-15,-16
-8,-8,-15,-15,-10,-10,-14,-12,-14,-8,-12,-16,-10,-9,-12,-12
-9,-11,-13,-11,-9,-8,-14,-10,-9,-6,-13,-12,-10,-9,-14,-11
-7,-9,-9,-11,-11,-9,-10,-11,-10,-8,-14,-13,-8,-8,-10,-11
-4,-6,-9,-7,-8,-8,-11,-10,-8,-7,-11,-8,-7,-8,-14,-12
-7,-4,-11,-8,-3,-4,-8,-9,-10,-2,-7,-6,-4,-5,-5,-6
-5,-5,-7,-5,-4,-4,-8,-9,-5,-3,-4,-4,-2,-5,-7,-5
-1,-2,-4,-3,0,-2,-3,-4,0,3,-3,-1,1,1,-3,-2
-3,0,-3,-3,0,0,0,-3,0,0,-3,3,1,2,-1,0
1,5,0,1,3,0,0,0,3,1,-2,4,4,2,3,-2
3,3,0,0,3,6,4,2,5,3,1,4,3,3,2,6
2,3,0,2,4,9,6,2,4,4,1,3,3,5,1,4
5,6,6,4,8,7,4,0,7,6,3,3,2,7,3,4
4,4,5,4,5,7,4,2,4,3,1,2,7,7,5,5
6,8,3,3,8,7,5,6,4,2,4,7,7,9,5,2
5,7,1,7,8,8,5,4,4,6,5,6,7,8,9,7
7,5,1,4,10,8,4,2,5,7,2,4,9,10,6,4
4,5,2,8,9,7,4,6,7,11,3,8,8,10,8,4
7,9,5,9,6,6,11,9,13,10,7,8,12,12,7,7
10,12,5,8,8,12,14,12,12,6,6,10,11,13,8,12
13,9,5,8,15,14,15,10,11,14,11,10,14,14,10,15
16,12,7,10,17,14,10,10,14,14,10,9,15,17,15,18
16,11,9,15,18,13,12,15,16,16,8,9,18,20,16,15
17,16,14,18,16,17,15,16,17,13,9,16,20,21,13,18
21,18,18,15,19,21,18,19,17,16,16,18,19,20,16,17
21,19,16,14,22,23,19,18,20,18,15,17,19,20,22,21
22,17,15,17,20,22,19,19,21,22,15,17,18,23,20,21
18,20,18,21,22,23,18,20,25,22,13,17,22,23,20,20
22,24,18,16,19,21,23,22,25,18,17,20,25,23,19,22
25,27,18,20,22,23,25,19,22,19,18,23,25,20,19,23
24,24,18,19,21,23,21,21,23,23,22,21,24,21,22,27
27,25,20,19,24,24,19,20,26,24,21,18,25,24,23,22
25,27,21,23,27,24,20,23,25,24,18,20,27,26,20,23
25,29,22,22,25,23,21,26,29,26,19,25,27,25,20,24
26,29,25,21,26,27,22,24,27,23,21,23,24,24,23,24
32,29,20,25,27,26,23,25,28,26,27,25,23,27,25,25
27,25,22,26,29,27,23,23,29,26,23,23,25,29,28,27
30,30,25,30,27,26,25,29,31,27,23,27,33,29,26,27
32,33,27,30,28,29,27,29,32,30,25,31,32,30,25,28
32,33,27,29,31,33,26,26,32,32,29,32,34,30,29,31
35,32,29,31,34,32,28,27,32,35,28,26,30,31,30,29
35,34,30,34,36,34,30,31,33,35,31,30,36,35,31,31
32,35,30,35,33,32,30,32,32,34,32,30,37,39,30,33
37,37,33,34,35,33,32,33,34,34,32,33,38,37,29,32
40,38,34,32,37,38,34,31,35,35,32,32,36,33,31,35
34,33,28,36,40,36,31,33,34,35,33,32,37,37,34,34
35,35,35,36,36,35,33,33,40,37,31,32,37,35,33,32
34,35,35,37,35,37,36,33,35,35,28,33,39,38,34,35
37,37,35,36,34,40,36,34,36,36,32,38,40,37,34,34
37,39,33,35,36,39,36,34,37,38,33,33,38,37,37,38
36,35,33,36,41,41,38,35,39,40,33,35,39,38,39,38
39,39,33,36,41,42,37,37,38,38,32,36,39,40,42,39
38,42,37,38,41,41,39,39,39,39,33,37,44,42,39,39
43,43,37,35,41,44,42,43,39,38,37,39,44,43,39,42
42,40,36,36,43,48,40,39,41,43,39,40,43,44,45,45
45,41,39,41,46,46,42,44,47,45,38,42,44,45,45,41
44,41,42,41,43,45,43,47,49,48,40,41,44,48,47,45
44,48,43,45,45,47,43,46,49,48,40,47,48,47,44,47
50,49,41,43,47,48,46,47,49,47,46,47,47,47,44,45
55,48,41,44,47,48,46,45,45,48,46,44,44,51,46,46
52,50,41,48,49,47,41,45,49,50,43,42,47,50,46,44
49,49,44,47,48,45,42,48,48,50,43,47,52,48,47,46
51,50,45,44,47,44,47,47,50,50,44,44,48,47,43,47
53,52,45,47,48,51,46,45,47,48,43,48,48,46,44,48
49,51,43,48,50,49,47,46,52,53,47,45,48,49,48,49
51,48,45,46,50,48,45,47,52,54,47,42,45,51,48,51
50,51,47,51,51,50,45,48,50,51,45,48,49,50,45,49
53,53,48,50,49,50,49,50,50,51,47,49,50,52,46,46
55,53,49,49,50,54,48,46,50,52,49,51,49,51,48,49
55,54,49,48,53,52,48,46,54,55,50,53,54,52,48,51
53,51,49,53,54,53,46,50,60,55,48,51,55,52,50,52
55,52,53,53,53,51,52,49,56,54,50,55,58,53,50,52
58,58,55,53,54,54,51,55,55,58,51,53,55,53,49,54
55,56,52,52,57,61,56,54,55,57,53,56,55,55,55,56
55,55,52,55,59,60,55,52,59,58,50,51,54,58,54,55
55,56,55,57,60,59,54,55,60,59,51,51,56,60,54,53
54,55,52,53,56,58,53,57,58,56,52,56,59,58,52,52
59,59,54,49,57,56,55,56,57,55,53,55,57,58,53,55
61,60,53,53,57,57,53,53,57,55,54,54,57,60,55,54
58,57,50,56,60,59,53,50,56,57,53,54,55,58,56,54
54,58,54,56,57,53,54,52,60,55,52,52,58,59,56,53
56,53,54,53,53,57,58,58,56,54,48,52,59,58,54,55
56,57,49,53,59,60,58,57,58,56,49,53,56,58,52,57
60,59,51,56,62,60,56,52,57,56,54,52,57,57,57,58
58,56,54,57,61,57,56,60,59,60,52,55,57,61,57,59
59,59,53,58,60,58,58,58,60,58,54,54,61,63,57,58
63,60,58,55,57,57,58,61,62,58,56,57,61,60,58,61
63,61,54,56,62,61,59,62,60,61,55,55,59,63,59,63
61,61,54,62,62,64,60,59,64,63,59,59,59,61,60,64
65,60,56,59,61,64,62,59,67,66,56,56,62,61,60,61
62,63,57,59,61,60,62,63,68,64,56,57,61,61,58,62
64,67,61,59,60,60,61,58,64,65,58,59,64,61,59,62
63,64,58,57,63,64,62,60,64,63,57,57,60,61,59,62
64,63,58,57,63,62,58,59,63,63,57,59,62,61,62,62
62,63,60,59,62,61,56,61,66,62,57,56,60,64,59,61
59,64,61,59,63,61,58,60,63,62,57,58,62,63,57,60
61,65,58,55,61,60,59,60,65,63,57,62,64,61,58,62
