53,55,52,58,56,55,54,57,55,53,57,56,56,60,56,59
58,55,55,59,58,55,58,58,58,52,56,58,54,55,57,57
56,56,52,58,56,56,56,58,57,55,58,59,56,55,53,59
55,58,49,60,55,57,56,57,55,54,53,55,56,56,58,59
58,53,54,59,56,53,56,59,56,55,55,55,56,56,54,58
57,56,55,61,57,55,57,61,59,55,54,57,55,55,56,60
59,53,52,58,54,56,57,58,56,52,53,57,57,56,55,59
60,54,54,56,58,53,57,57,57,57,55,56,57,52,54,58
58,53,53,60,56,55,56,59,59,55,53,54,57,56,55,61
59,55,55,58,52,54,55,60,59,55,52,55,58,52,57,60
58,55,59,58,55,53,57,62,60,56,55,59,56,53,53,59
59,56,54,56,53,55,54,57,60,54,55,60,56,52,56,61
60,58,56,59,57,56,54,59,60,59,55,57,56,54,57,63
59,57,55,56,57,54,55,60,63,58,56,58,57,56,57,57
58,57,56,59,56,54,55,59,60,56,55,60,56,54,58,58
61,58,57,59,58,54,55,60,60,56,54,59,54,55,55,57
62,60,53,56,56,57,59,62,60,58,58,60,56,53,56,60
62,55,56,61,57,52,54,57,57,57,55,60,59,54,55,59
62,59,55,58,59,53,52,58,59,59,57,60,59,53,57,58
58,54,56,61,58,53,53,58,58,56,59,56,55,52,59,56
60,58,57,60,58,54,55,58,59,54,57,65,56,52,54,59
61,58,56,60,57,53,54,60,60,54,57,59,55,52,55,59
59,54,58,63,59,55,52,58,56,59,61,59,57,53,54,58
58,55,55,62,58,52,53,58,58,57,58,58,60,55,56,59
61,56,58,61,57,54,54,59,59,56,57,60,57,55,52,55
59,54,55,59,56,56,54,59,58,60,58,62,59,56,53,55
57,58,57,59,56,55,54,55,58,57,56,60,58,55,55,59
60,57,59,63,58,56,53,58,59,56,55,61,59,56,54,57
57,56,55,61,59,56,55,60,58,55,57,61,59,55,55,56
59,55,56,61,59,57,58,59,56,54,55,61,61,57,57,57
57,55,56,59,59,59,58,59,59,57,54,59,59,55,55,58
56,56,55,57,58,59,56,59,58,55,58,62,58,56,57,59
60,56,56,56,59,59,55,57,57,57,54,59,56,58,58,59
61,55,56,59,56,58,54,59,61,57,53,59,60,57,59,61
56,56,55,57,55,57,54,60,60,56,54,60,55,57,59,59
58,57,58,58,59,56,55,58,59,55,55,57,56,54,56,62
60,54,56,58,57,57,57,59,58,56,56,62,57,56,56,61
59,54,53,57,59,56,54,59,56,55,51,59,57,57,56,60
60,56,57,60,59,53,56,59,61,55,56,58,55,54,55,57
58,57,54,57,57,56,58,62,60,56,55,60,57,56,54,59
61,54,56,60,57,56,55,61,56,55,56,59,58,58,58,62
60,56,55,59,58,55,57,62,60,57,55,57,55,55,57,60
60,54,56,57,57,53,57,61,61,58,58,58,57,58,56,60
61,57,57,59,56,53,56,61,61,59,53,56,55,57,53,61
63,59,57,61,60,54,55,59,62,59,57,60,57,54,55,58
64,58,57,56,55,53,57,59,61,60,59,60,55,55,57,61
62,60,57,59,56,56,56,61,58,59,56,58,56,55,55,61
62,59,57,61,58,53,54,60,62,59,58,60,58,54,57,60
58,57,55,60,57,52,56,60,64,60,55,59,58,53,56,60
60,62,60,59,55,53,55,58,57,57,57,60,56,53,56,61
62,58,56,59,59,55,56,59,59,60,58,60,58,52,53,59
59,58,57,58,57,53,54,56,58,59,58,59,57,53,54,60
56,57,56,59,54,55,56,58,56,55,56,58,56,53,55,61
56,57,58,61,54,53,59,60,59,58,58,62,59,54,55,59
60,57,57,59,55,52,54,58,59,57,58,61,56,54,52,60
57,60,55,60,58,57,54,57,56,56,55,62,54,53,53,59
55,55,56,60,61,56,52,57,61,59,58,61,57,56,57,57
55,54,55,61,60,52,52,57,60,55,57,62,58,56,55,57
57,59,59,62,58,55,54,58,60,56,55,60,57,54,52,57
56,56,56,61,57,54,53,59,59,57,59,61,59,58,55,57
58,57,56,59,58,55,55,57,58,54,57,58,59,59,58,60
59,57,55,62,58,53,52,56,57,57,56,58,58,59,57,58
55,59,53,62,58,57,54,60,60,55,55,60,57,59,58,59
60,57,57,60,60,54,55,59,56,54,57,61,59,56,54,58
56,57,56,60,57,54,59,60,59,56,56,58,54,58,57,61
60,56,52,60,57,58,57,62,58,55,55,58,58,55,60,63
58,57,55,62,59,57,59,61,59,55,54,57,56,57,58,62
59,56,56,60,57,59,57,60,60,57,56,58,58,54,56,62
60,56,54,58,54,57,58,60,58,57,54,61,58,56,56,60
59,56,54,60,57,55,58,58,59,54,55,58,58,52,57,61
60,54,54,57,59,54,57,61,60,57,55,59,57,56,56,60
60,56,54,59,56,57,57,61,61,56,55,58,58,56,58,60
62,55,55,60,55,54,54,58,61,56,57,59,59,55,56,58
59,59,56,60,56,57,58,60,61,59,56,59,56,53,56,60
59,55,54,60,55,53,54,60,61,58,56,57,56,51,58,63
58,54,55,60,58,57,56,58,63,57,54,57,56,53,56,58
61,57,55,58,56,52,55,61,62,59,54,58,54,56,56,59
58,59,56,60,55,54,53,59,60,58,57,62,56,54,53,60
62,61,58,59,58,55,56,59,58,54,55,60,56,55,55,58
60,57,57,59,56,53,56,62,60,58,59,61,58,55,53,60
61,57,55,59,55,52,54,58,59,61,57,58,55,53,54,59
60,58,57,62,55,54,53,59,60,56,57,59,55,51,54,57
58,58,56,60,57,53,54,61,60,58,59,61,56,54,57,57
60,58,59,57,56,55,52,56,55,56,58,59,56,53,54,60
58,57,56,61,58,54,55,59,55,56,57,58,56,51,52,58
60,57,55,61,60,54,53,59,60,55,55,59,57,55,55,59
61,56,56,61,56,55,53,57,59,57,54,59,58,56,53,55
60,58,57,60,57,53,54,59,59,56,56,62,59,55,54,56
62,57,55,61,56,52,54,57,59,56,57,61,59,54,54,61
59,57,56,62,59,54,54,60,55,57,54,58,56,55,54,57
58,59,58,61,58,57,55,54,59,58,58,59,58,56,56,59
57,54,55,59,58,53,55,59,59,58,52,58,60,56,52,58
59,58,57,61,60,57,56,59,57,55,53,59,58,57,56,57
60,58,56,59,57,56,58,59,56,54,56,61,56,55,55,57
59,53,57,58,57,58,59,58,56,55,55,60,61,58,57,59
58,56,55,58,55,54,54,59,57,57,54,61,59,56,57,57
57,54,55,58,59,57,60,60,57,52,54,59,61,58,58,59
57,55,55,57,54,54,57,59,58,56,54,58,57,55,56,60
57,55,56,57,57,59,58,58,57,56,51,59,57,53,56,59
58,55,54,57,58,57,58,61,59,56,57,61,55,54,57,57
56,53,54,56,58,53,55,59,58,56,53,57,59,54,55,59
57,56,56,60,57,55,55,60,58,55,51,57,54,52,56,60
58,56,54,57,55,53,56,62,59,56,54,60,58,56,55,60
61,56,53,54,58,52,55,59,59,54,54,57,56,56,53,61
63,57,54,57,58,53,55,62,58,57,51,60,54,56,54,60
59,54,55,58,55,52,57,63,62,56,55,59,58,55,57,62
60,57,56,58,58,51,54,58,62,58,56,56,55,52,55,59
60,56,53,57,57,55,55,61,58,56,56,58,54,56,57,61
60,56,56,59,56,54,56,58,60,57,57,57,57,55,56,59
61,58,56,59,55,55,58,58,61,61,58,57,53,53,54,60
60,58,57,60,57,53,57,61,60,60,56,59,58,55,54,62
58,59,55,59,57,51,55,60,60,56,57,58,56,51,54,59
61,58,59,59,60,53,56,57,58,59,54,58,54,53,52,60
65,56,57,57,57,52,57,57,60,56,56,61,58,53,53,59
59,56,56,58,56,54,53,57,58,56,58,57,54,55,56,60
59,57,61,59,60,55,53,55,60,57,58,58,56,52,53,57
55,56,58,61,58,56,56,56,61,54,59,60,56,53,54,58
55,57,53,58,55,53,51,56,56,55,58,61,58,53,58,60
59,58,58,63,60,56,58,57,60,57,56,59,56,52,52,61
57,56,57,62,57,53,55,57,60,57,56,61,60,54,55,58
57,59,58,61,58,54,53,61,58,56,56,62,56,56,55,58
59,59,58,61,59,55,55,60,60,56,58,61,57,55,53,57
56,53,53,62,59,54,55,60,59,57,61,62,58,57,56,61
60,56,55,62,59,56,54,57,54,55,55,60,58,53,53,58
56,57,56,59,63,56,54,56,59,55,57,58,58,57,55,54
56,54,56,60,59,57,55,62,60,56,57,59,57,57,55,58
58,57,55,59,58,54,54,58,55,53,56,58,59,57,56,58
57,55,54,61,58,54,56,59,57,56,58,57,57,52,53,56
58,54,53,59,61,54,56,58,54,55,54,58,58,57,57,59
57,55,52,59,54,54,58,61,57,55,54,55,55,56,55,57
58,54,56,58,59,58,58,60,56,54,53,55,58,55,57,59
56,53,53,58,57,56,55,60,61,54,56,59,56,53,55,61
60,57,52,56,55,55,55,57,54,52,52,56,54,53,58,62
59,56,53,60,55,57,55,58,58,55,55,58,57,54,55,59
57,53,54,56,54,53,54,61,61,57,53,57,58,54,55,60
58,56,56,59,54,54,56,59,57,54,50,55,55,53,57,60
59,56,53,58,55,55,58,60,57,57,57,57,58,52,55,57
59,55,54,55,55,54,55,59,58,53,55,59,56,54,57,61
62,56,55,57,54,53,54,59,60,58,54,56,54,52,53,58
56,54,54,59,53,55,53,59,58,56,53,59,56,55,55,60
59,59,56,55,55,53,54,59,62,55,54,58,56,53,55,57
61,57,56,57,55,57,56,57,58,55,54,59,55,52,52,58
59,55,53,58,56,53,53,57,58,59,57,58,57,54,56,57
59,56,56,59,56,54,52,56,59,58,56,56,56,55,56,59
58,59,57,59,54,52,55,61,57,56,56,57,55,54,54,57
60,58,56,58,54,53,55,60,59,57,58,60,58,51,53,56
59,57,57,60,57,56,52,58,58,58,58,59,58,51,54,59
60,59,57,58,57,54,54,61,57,58,60,60,56,52,54,58
59,56,58,61,57,52,54,60,56,58,59,60,57,56,54,58
60,58,59,61,59,53,51,56,55,57,56,58,57,53,54,56
58,52,56,60,57,55,55,62,58,58,56,60,59,56,53,57
57,56,56,61,57,54,54,56,56,57,60,62,57,55,58,59
58,54,58,61,59,56,55,55,56,55,54,56,57,53,56,60
57,54,57,63,58,53,58,58,59,57,57,60,58,56,55,60
59,57,56,61,55,53,57,61,57,57,56,60,58,53,54,59
60,57,58,61,57,56,56,59,57,54,55,63,59,53,53,60
59,53,55,57,57,56,55,59,57,59,56,64,58,58,55,56
57,53,52,59,57,57,55,58,58,58,54,60,57,53,57,59
58,57,59,58,57,54,56,57,58,54,54,61,59,58,58,58
56,53,59,58,56,57,58,61,56,56,53,58,55,56,55,59
58,54,57,57,58,57,56,57,56,54,53,58,56,57,57,59
58,54,54,58,58,55,58,60,60,55,52,57,56,55,58,58
57,54,54,55,59,58,58,60,58,56,53,59,55,59,59,59
59,54,53,57,55,55,56,62,56,55,54,58,55,55,57,59
60,57,56,59,57,53,57,60,58,53,53,56,57,55,55,60
60,53,52,54,55,53,57,60,58,54,54,57,55,55,55,61
60,56,54,55,58,53,55,60,57,55,52,57,53,55,54,60
60,57,55,59,57,55,54,60,59,56,52,56,57,54,56,58
56,55,53,57,56,50,54,58,59,57,55,56,54,53,55,58
59,56,58,57,57,51,53,58,56,54,55,56,51,52,52,59
59,54,52,55,56,54,56,60,59,58,56,56,54,55,51,57
59,55,54,56,55,52,55,54,59,55,55,57,56,56,55,61
58,55,55,55,55,52,54,58,57,57,53,55,51,54,54,60
58,56,55,57,54,51,55,58,60,57,53,55,56,54,55,56
58,55,55,56,52,51,54,56,59,57,55,58,54,52,54,59
58,57,54,56,56,55,54,56,57,55,57,57,53,49,50,60
58,57,55,58,55,52,56,55,59,58,57,59,55,52,53,57
58,57,56,57,53,50,54,56,58,57,57,58,56,52,52,59
58,57,58,58,54,50,50,54,59,56,54,57,56,53,50,57
56,57,55,56,54,52,54,57,58,56,55,59,55,54,53,57
56,53,55,57,57,52,51,54,56,54,55,60,55,52,52,58
58,56,55,59,57,55,53,57,59,53,55,59,55,53,52,56
54,55,55,61,58,56,52,56,56,55,54,59,56,55,54,59
59,57,54,59,58,50,53,53,57,51,54,59,56,53,53,55
54,54,54,60,59,55,54,60,57,53,52,58,57,54,51,57
54,56,52,57,56,52,54,58,56,55,55,59,57,55,56,56
57,55,55,59,59,56,53,56,59,53,54,56,57,54,55,55
58,55,54,62,59,54,55,59,57,56,53,59,55,58,53,56
56,55,55,59,55,54,55,60,55,55,55,57,59,53,56,59
57,57,56,58,57,55,56,57,57,53,55,58,57,55,56,57
60,56,55,60,59,55,58,59,58,57,56,59,56,54,55,59
57,53,52,57,57,55,54,59,58,54,52,59,57,57,56,59
60,58,55,60,56,53,56,56,58,54,55,57,56,56,56,55
57,52,53,59,56,55,59,60,60,54,56,54,58,54,55,58
57,53,51,59,53,56,55,56,54,55,51,60,57,54,56,63
60,54,53,59,57,56,58,59,58,55,53,56,55,54,54,58
60,54,54,59,56,54,56,60,59,55,55,56,54,55,57,62
57,54,53,57,54,52,54,61,60,55,50,55,55,53,55,60
60,56,55,58,57,53,54,57,59,55,55,56,54,54,55,58
61,57,55,57,54,55,55,58,59,56,55,58,56,51,53,56
58,56,54,61,55,53,55,56,58,57,53,56,56,52,58,61
59,56,56,59,55,55,55,60,65,59,57,57,53,52,56,60
58,54,55,56,54,51,54,58,62,56,55,58,55,52,54,61
58,59,55,60,54,55,53,57,56,51,54,58,59,53,53,57
59,58,55,58,57,56,54,59,59,57,55,59,55,54,55,56
61,56,55,58,55,52,52,60,60,53,55,58,58,54,56,57
58,58,54,59,55,51,52,60,58,57,56,59,55,54,54,57
57,57,59,56,53,51,55,60,58,57,56,60,54,52,53,56
58,56,55,58,53,52,53,58,56,58,59,60,56,51,52,56
57,55,57,59,54,55,53,57,54,53,55,57,55,51,51,55
57,53,57,59,58,52,55,58,59,57,56,55,56,52,53,54
57,54,54,59,57,50,51,57,60,57,56,59,56,52,51,55
58,55,56,58,56,52,51,57,56,55,55,61,58,52,53,55
54,56,57,61,57,51,52,56,54,57,56,59,58,55,52,54
57,53,55,60,55,51,51,55,56,56,56,60,58,55,53,55
58,55,54,60,56,52,52,57,55,53,53,60,57,55,51,54
55,54,57,59,54,53,53,60,57,55,52,57,56,55,54,53
56,55,58,58,58,53,52,54,55,53,53,61,58,54,55,57
55,56,58,59,58,56,55,57,56,52,54,57,54,54,52,56
57,55,55,57,57,55,53,57,57,55,53,58,58,56,54,57
57,53,53,57,57,53,55,57,57,54,54,57,58,54,55,59
57,57,56,56,55,55,53,58,55,54,51,60,58,56,54,56
54,52,54,55,53,52,58,57,56,52,53,60,57,53,56,57
58,54,55,54,54,53,54,55,56,52,53,58,54,53,52,60
57,55,55,55,55,56,55,57,59,56,51,57,54,53,53,57
56,53,51,55,57,55,55,59,60,54,52,57,56,54,57,59
58,54,54,56,56,54,55,58,58,54,54,59,54,54,57,57
57,54,55,57,56,57,58,61,58,54,52,58,52,52,55,61
60,57,52,54,54,52,53,58,56,57,56,61,55,54,54,62
59,55,53,56,57,54,55,60,56,53,54,58,55,53,57,59
63,57,55,56,56,50,56,61,60,57,53,57,56,56,54,59
60,54,52,55,54,51,56,62,59,56,54,56,53,56,55,58
59,58,53,57,56,54,57,59,58,55,56,58,56,53,53,60
61,58,54,56,56,53,54,59,61,58,57,60,54,53,55,59
60,59,57,59,54,51,55,56,58,56,56,58,55,54,56,60
58,57,56,58,56,50,53,59,60,57,54,56,55,55,53,57
60,54,56,57,57,52,57,57,61,59,55,54,56,53,52,57
59,57,57,57,56,55,54,58,56,54,54,58,55,55,53,58
58,57,58,56,53,54,56,56,58,57,57,59,54,51,52,58
55,57,57,59,55,52,53,58,59,55,55,59,56,57,55,60
56,54,56,57,55,53,54,60,60,57,57,62,55,53,54,58
58,55,59,58,54,53,55,57,57,53,56,59,59,53,52,55
57,55,57,60,54,52,53,57,59,54,57,59,55,52,54,57
57,57,54,62,55,53,51,55,57,53,56,60,54,55,55,59
59,57,58,60,56,53,54,54,57,54,57,61,57,53,54,54
54,57,55,62,59,53,55,56,58,55,55,59,55,53,54,56
57,57,54,59,55,52,49,53,55,55,54,62,56,53,53,57
55,56,55,59,61,57,55,54,56,56,57,59,55,54,53,58
58,53,54,61,58,52,55,52,54,53,52,54,52,51,52,52
53,52,51,54,53,51,50,53,52,51,51,53,51,51,51,52
51,51,52,53,53,51,51,53,54,52,52,52,52,52,51,51
54,54,53,52,42,56,42,51,56,51,54,46,55,46,52,53
51,54,43,54,49,55,44,55,51,50,49,55,51,48,53,54
53,47,55,52,54,49,54,53,54,52,51,55,49,53,52,53
51,49,55,52,52,52,55,47,54,54,48,50,49,51,51,47
54,52,51,52,53,52,53,53,53,52,48,53,51,50,51,54
54,51,49,52,50,51,53,54,54,52,53,53,49,49,54,56
56,56,56,56,56,56,56,56,56,56,56,56,56,56,56,56
56,56,56,56,56,56,56,56,56,56,51,54,51,50,46,47
40,35,28,32,28,22,24,21,19,12,12,15,16,14,12,20
22,14,13,19,5,4,7,9,5,0,0,3,-1,-4,-2,3
-3,-5,-5,0,-4,-4,0,0,2,2,0,4,0,-6,-6,-3
-5,-4,-9,-4,-5,-5,-5,-5,-1,-4,-6,-4,-11,-32,-58,-85
-106,-122,-122,-96,-74,-50,-29,-8,3,11,12,18,15,14,15,15
16,10,11,15,13,12,6,9,14,12,12,12,8,8,10,12
6,7,7,13,8,6,8,11,15,11,10,10,10,6,4,6
7,7,3,6,4,6,7,11,7,8,6,3,5,3,8,9
12,14,11,11,7,3,4,5,5,5,6,6,1,-1,0,3
6,5,4,7,6,7,3,11,6,8,5,11,12,12,12,11
11,10,7,7,1,-3,-4,2,1,1,5,7,4,3,4,6
6,10,5,8,8,1,5,10,4,5,5,9,7,1,3,6
5,5,2,6,4,2,2,11,3,8,9,11,6,2,5,12
9,3,7,11,9,6,4,11,9,7,8,7,3,0,6,8
9,5,10,13,11,7,7,12,12,8,8,12,10,9,7,6
9,9,9,13,7,8,9,15,11,9,11,15,10,10,9,11
14,12,11,13,11,8,11,12,12,11,12,16,10,9,6,10
13,10,8,11,10,9,9,12,13,16,16,14,14,13,11,14
15,11,10,19,11,11,11,16,15,17,11,17,16,14,14,16
14,14,15,19,17,11,13,16,17,16,13,18,17,15,13,13
14,14,18,18,15,14,15,17,16,17,16,23,20,14,17,15
20,20,19,21,19,17,16,17,13,15,14,20,18,18,15,18
18,17,17,21,19,17,17,18,18,18,15,21,21,16,19,19
20,15,19,19,17,17,15,18,17,20,19,22,21,19,20,23
20,18,20,22,19,17,18,24,20,19,16,22,22,21,21,21
20,21,20,22,20,20,24,25,23,19,20,26,22,20,22,21
23,23,23,23,22,19,24,27,24,22,23,24,23,21,21,26
25,23,21,24,23,24,24,24,25,26,21,26,20,21,21,29
25,22,23,26,25,22,26,28,28,23,23,27,23,24,26,27
28,25,24,25,26,20,28,33,30,26,24,28,26,27,28,30
30,28,25,26,27,27,28,33,30,22,23,28,27,27,28,31
27,27,23,29,31,30,30,34,28,28,29,30,28,27,30,30
31,27,27,30,31,29,28,31,31,29,30,32,29,30,31,33
35,32,30,33,31,27,29,34,32,29,30,31,29,26,30,36
33,30,28,30,29,30,32,35,33,32,29,31,31,31,32,34
36,32,30,30,32,28,33,35,35,30,30,34,31,30,30,34
37,33,30,32,34,33,35,37,36,34,31,35,31,30,31,38
38,34,30,34,34,32,35,36,39,36,34,39,34,34,33,37
37,34,33,36,34,31,35,37,38,36,33,34,32,34,37,38
39,35,35,36,33,31,37,39,38,37,34,37,35,33,36,37
38,39,35,36,34,33,36,40,38,39,37,38,35,36,32,39
40,39,38,39,37,36,37,38,40,38,36,38,36,35,37,40
41,40,38,40,37,35,38,40,43,41,38,43,38,36,35,38
37,38,38,41,38,36,37,40,40,37,38,42,40,36,39,42
40,42,43,41,40,34,37,42,41,38,40,42,41,35,36,41
42,41,38,41,40,37,39,44,43,39,41,45,40,38,39,45
42,41,39,43,39,39,38,42,43,43,44,45,42,40,41,44
42,41,44,45,44,41,41,44,46,43,43,44,43,37,40,45
43,43,43,46,44,41,42,45,45,44,44,46,43,41,40,45
42,45,43,47,43,40,41,46,42,43,43,48,44,43,41,47
44,42,41,44,45,41,40,43,45,39,44,47,45,41,43,46
46,44,44,48,47,44,42,45,46,45,47,48,45,46,45,47
46,46,42,50,50,44,44,48,45,43,47,48,47,47,44,47
47,45,43,49,50,45,43,47,47,44,49,50,50,45,44,48
47,45,47,50,45,47,46,49,49,48,47,50,47,47,45,46
48,46,46,50,48,47,47,48,46,45,46,51,48,48,46,49
48,47,47,50,49,51,49,50,49,48,47,48,48,44,48,48
48,45,48,51,46,46,48,50,50,47,49,50,50,49,50,51
50,46,47,50,47,48,50,51,48,46,46,51,49,47,49,51
51,48,47,49,48,49,50,52,51,46,45,50,48,46,50,52
52,48,47,52,45,48,51,49,49,49,49,52,48,47,50,52
53,49,46,51,49,49,51,51,50,51,47,51,47,46,52,52
50,49,49,51,49,49,48,53,53,51,49,51,52,47,53,52
52,47,49,52,50,48,51,53,54,51,49,50,49,48,51,55
53,50,50,52,50,50,49,53,52,53,49,50,51,47,53,55
53,50,49,51,50,50,52,52,54,50,49,52,50,45,52,52
53,51,50,52,51,49,48,53,52,52,48,51,51,51,53,54
55,50,48,51,50,50,49,53,53,52,50,53,52,50,52,52
52,53,52,53,51,49,53,53,53,51,52,52,52,50,51,52
53,52,48,53,50,50,50,53,53,53,50,53,51,51,52,53
53,52,51,53,53,50,52,53,52,52,51,51,51,50,50,53
53,52,52,53,51,50,52,54,55,53,53,53,51,52,52,53
54,51,50,52,52,49,51,52,54,54,53,53,53,51,51,52
53,52,54,54,53,50,52,54,53,53,52,52,53,52,52,52
53,53,53,53,53,53,54,52,52,55,52,53,53,51,54,52
53,52,52,54,53,50,51,52,52,52,53,53,54,52,51,54
51,51,53,53,53,52,52,55,53,52,51,53,53,53,52,57
59,58,57,62,59,55,57,61,58,59,59,62,59,58,57,59
63,57,56,60,57,53,54,61,60,59,60,63,59,57,54,61
62,58,59,63,60,57,56,63,58,56,57,60,58,57,54,63
62,56,58,62,59,58,57,62,60,61,60,64,62,57,58,60
63,58,57,62,59,56,56,61,61,59,59,63,63,58,58,62
62,57,61,65,61,56,56,60,61,59,57,62,61,59,58,60
58,61,61,64,60,59,55,62,61,58,62,62,61,59,61,61
61,59,62,63,63,58,57,60,58,58,58,63,62,58,58,60
62,60,59,61,63,59,59,61,61,61,58,64,61,58,61,60
60,57,60,64,61,61,58,61,60,60,60,63,65,60,62,64
63,57,60,62,62,58,61,62,61,59,58,64,64,59,58,59
61,59,60,61,62,62,62,63,60,60,57,63,63,61,60,61
59,58,59,60,61,59,59,64,60,60,59,64,60,60,63,65
65,60,58,61,64,65,60,63,64,59,58,63,60,57,63,64
63,60,60,63,62,60,61,65,63,59,55,64,61,61,60,62
61,61,59,60,58,59,60,65,64,59,55,65,60,61,61,64
66,62,59,62,62,62,66,67,61,59,58,62,62,60,60,63
65,63,58,59,62,59,63,65,64,59,62,64,61,60,61,65
62,61,59,63,62,57,59,64,62,61,59,60,61,62,62,66
65,63,61,64,63,60,60,63,61,62,61,63,60,60,58,62
65,62,57,61,60,59,62,66,64,64,61,64,61,60,61,64
64,61,60,62,58,60,63,63,63,62,60,63,60,60,61,66
68,60,59,64,63,59,62,63,65,64,63,63,60,61,62,66
67,61,59,62,64,60,60,65,67,63,60,64,64,62,61,64
63,61,59,64,64,59,62,66,65,63,60,62,60,60,60,66
64,64,62,64,62,59,62,64,62,64,61,61,59,60,60,65
66,62,60,62,61,59,62,66,67,65,65,62,62,62,62,66
67,63,62,63,61,58,60,65,64,63,62,63,60,59,59,66
63,62,65,65,64,58,60,62,67,61,63,63,63,57,62,64
61,62,61,63,64,59,62,64,66,63,62,65,62,58,59,65
65,65,62,64,62,60,61,66,62,60,61,65,61,62,58,63
61,62,62,64,61,59,60,67,64,63,64,67,62,59,60,64
65,62,63,66,63,57,60,63,64,61,60,65,62,57,61,65
62,62,60,68,62,60,59,63,62,59,61,66,61,60,59,64
63,64,63,64,64,60,59,63,63,58,60,66,64,60,61,62
65,62,62,63,63,59,59,61,63,58,64,65,64,62,58,63
63,63,62,65,64,60,59,61,61,60,62,64,62,60,60,65
61,61,60,64,64,63,61,63,63,62,61,63,61,60,59,61
62,57,58,66,63,59,58,64,62,60,60,65,62,62,62,62
61,64,62,67,65,60,61,63,62,59,60,64,64,62,61,62
61,60,60,62,64,61,63,65,64,59,62,65,64,62,62,65
61,61,62,64,61,59,63,63,59,59,61,64,62,62,62,64
63,60,61,65,63,61,60,64,62,63,63,62,61,63,58,60
61,58,60,65,62,60,63,64,61,57,58,62,66,61,63,63
63,59,59,64,61,59,63,60,63,57,61,63,63,59,60,61
64,60,59,64,62,64,64,67,62,58,57,61,63,60,59,65
63,60,56,63,59,61,62,63,61,59,60,63,64,61,62,67
64,61,59,64,61,61,62,65,62,59,57,58,60,57,59,64
64,58,57,64,60,59,61,65,65,62,59,64,62,60,60,66
62,60,59,63,57,60,62,66,66,59,58,61,62,57,61,65
64,59,59,63,60,61,61,63,66,61,58,59,61,56,61,65
66,61,58,62,62,59,62,63,65,63,61,61,62,62,59,65
66,62,58,63,60,61,58,65,62,62,57,62,61,60,63,65
66,63,63,65,60,58,62,64,65,60,58,61,62,57,61,63
62,59,61,61,61,59,61,65,65,62,57,61,62,59,60,65
63,62,59,64,60,60,58,63,64,63,61,65,61,59,62,64
62,63,59,64,62,59,61,63,66,63,62,61,59,56,62,65
65,62,60,66,61,58,59,67,64,62,59,63,60,59,62,63
62,62,62,62,60,57,59,66,64,62,57,62,59,56,62,65
67,65,63,63,61,56,60,65,63,60,60,63,61,57,58,59
66,63,61,62,60,56,58,62,64,64,63,64,58,57,57,61
65,59,60,64,60,59,55,62,60,61,60,63,60,58,58,61
63,61,62,64,61,57,58,60,62,62,59,63,60,58,60,61
61,59,62,65,61,57,59,64,61,61,62,67,62,59,57,61
68,62,61,66,60,56,57,62,60,58,59,65,62,61,56,60
64,60,59,64,62,60,59,61,63,62,61,66,61,57,60,61
63,56,59,63,62,58,56,62,63,61,60,65,60,59,61,62
62,58,58,65,63,57,58,63,64,61,58,62,64,61,57,61
62,61,62,65,62,61,60,63,61,62,59,64,61,58,59,59
61,59,61,60,62,59,59,61,61,58,59,63,65,58,59,63
63,59,59,63,62,61,61,59,55,60,57,64,59,56,60,63
63,58,58,63,60,61,59,59,62,59,59,62,63,59,59,60
61,58,57,61,60,58,58,59,59,55,60,62,62,61,59,61
59,59,59,60,62,61,58,62,60,56,56,60,60,59,59,60
59,55,58,62,59,58,59,61,62,59,58,62,60,56,57,60
60,55,55,58,58,58,57,59,57,58,55,62,60,58,59,62
59,56,55,58,59,58,59,60,61,56,54,61,58,56,59,61
56,52,56,61,59,59,59,61,61,59,56,60,58,59,60,61
60,56,58,58,58,55,58,61,61,57,56,58,59,54,60,61
62,59,55,59,58,62,59,65,61,55,56,61,54,54,56,63
59,57,51,59,60,56,59,63,62,59,57,61,58,58,59,60
63,56,57,56,58,55,58,61,60,56,55,59,58,55,57,63
61,61,56,58,58,57,58,62,62,59,56,59,60,57,56,62
63,59,55,57,57,54,56,61,61,60,57,61,58,59,57,61
64,61,58,61,59,55,59,62,60,58,56,59,55,55,57,64
64,58,58,60,59,55,59,62,65,60,58,59,55,56,56,62
60,58,55,59,58,55,55,61,62,59,58,59,55,57,55,60
63,58,57,59,58,53,56,59,60,60,57,60,58,52,55,59
62,58,56,59,56,56,58,61,61,60,56,60,56,55,57,59
59,60,59,60,58,53,55,59,59,60,62,63,59,55,56,63
63,55,57,60,59,54,57,58,60,60,57,57,55,55,56,61
59,60,60,60,57,54,55,61,61,59,58,60,55,54,53,60
59,54,58,61,54,52,55,62,60,58,59,61,59,54,56,59
60,59,59,58,58,52,55,58,61,59,58,61,59,53,52,60
60,58,55,63,58,54,54,60,60,57,59,61,57,55,54,59
58,56,57,61,58,56,53,60,61,58,58,63,59,55,58,61
61,58,59,62,62,54,53,58,61,57,60,62,57,55,54,59
57,57,56,62,60,54,56,60,61,58,57,62,59,55,52,57
59,59,59,62,61,57,55,54,57,56,56,60,58,56,56,59
59,58,55,61,60,57,59,57,59,57,60,60,57,53,56,57
61,56,55,60,59,56,56,58,58,58,57,62,58,58,57,59
56,57,53,61,55,55,56,61,59,55,55,60,57,57,57,59
58,57,58,61,58,58,58,57,57,55,58,61,59,55,56,57
58,56,54,58,61,57,58,60,58,52,57,60,59,58,56,60
58,55,53,62,57,55,57,60,55,56,55,56,55,56,57,58
56,54,57,60,58,56,56,62,59,58,58,59,57,55,55,58
56,56,57,57,57,56,58,61,59,54,56,61,57,57,58,60
59,55,53,61,57,55,57,57,55,54,52,57,57,58,56,60
57,54,56,58,60,58,59,58,57,54,57,56,58,53,55,57
59,55,56,58,58,56,57,60,57,57,56,56,58,55,57,63
60,56,53,58,54,55,55,61,58,57,54,56,56,54,54,60
56,55,53,59,55,56,59,63,59,55,56,58,58,55,56,61
59,56,53,58,55,50,59,61,60,57,55,57,57,56,54,61
61,57,53,58,55,57,59,59,58,57,53,55,53,53,55,61
58,55,55,59,54,54,56,61,61,55,57,56,55,54,60,59
57,54,54,57,53,52,53,58,60,58,55,56,55,52,56,60
61,57,56,59,54,55,55,59,59,56,52,55,55,53,56,58
62,57,54,57,56,54,54,59,61,56,56,59,56,52,55,59
61,56,54,56,57,55,52,56,58,54,55,61,54,53,58,61
62,57,52,58,58,56,54,61,59,56,54,58,54,53,54,57
57,54,54,61,56,51,55,61,59,59,55,59,58,54,53,57
54,55,54,58,54,49,52,58,59,54,59,58,56,52,54,57
60,59,56,58,58,53,54,59,56,57,56,59,54,51,52,58
60,57,55,59,57,54,53,59,55,56,60,60,54,53,55,57
60,55,55,59,56,51,52,59,57,55,55,59,54,52,55,57
59,56,57,61,57,53,54,60,57,59,57,57,56,53,52,55
59,56,56,60,54,50,54,60,55,55,57,59,58,55,54,56
62,57,59,61,57,55,54,56,56,55,59,59,58,54,55,57
60,56,54,61,57,53,52,56,58,59,58,59,56,54,53,56
60,54,53,59,60,55,52,58,55,58,55,59,58,53,55,58
59,54,56,62,56,55,55,57,56,56,55,59,62,55,53,55
58,56,56,62,56,54,57,57,58,55,55,61,53,52,54,56
57,55,55,59,56,56,54,56,57,57,57,61,58,55,55,59
58,54,55,59,61,57,56,55,55,53,54,58,55,54,54,58
57,52,56,58,60,56,55,58,57,54,54,56,57,56,55,58
55,54,54,56,55,55,54,59,58,54,55,59,59,56,56,59
59,56,57,57,56,54,57,59,58,55,55,59,58,55,55,59
58,53,55,57,57,55,57,57,54,56,56,60,56,57,57,57
57,52,54,59,56,56,54,57,54,55,54,57,56,56,59,60
60,57,57,57,57,53,55,60,58,54,53,57,57,53,57,57
53,53,54,57,58,55,58,59,61,55,54,57,58,52,57,58
56,53,54,57,55,52,55,60,56,55,52,58,55,54,54,59
58,57,54,56,57,55,58,61,59,55,53,57,54,53,56,58
58,55,54,55,54,52,55,59,61,55,54,57,56,56,56,61
58,57,52,56,57,52,53,61,63,54,53,57,56,54,53,59
58,56,55,57,56,54,56,62,60,55,55,55,55,53,53,58
58,55,51,58,54,52,58,60,58,56,55,56,55,57,54,62
59,56,54,57,55,52,56,58,59,56,53,57,54,54,55,61
60,55,56,57,56,52,54,57,59,57,58,57,54,55,55,56
60,56,56,56,56,51,56,59,61,59,55,56,53,52,52,57
58,58,55,58,53,50,54,58,57,55,55,57,56,54,55,59
59,57,54,56,55,54,54,58,60,57,57,57,53,53,53,57
61,56,56,59,57,50,54,58,56,58,56,59,55,54,54,60
59,55,56,62,57,53,54,56,59,59,55,58,55,54,54,59
57,56,57,60,54,52,55,60,58,56,55,58,58,52,55,60
57,57,58,57,55,51,57,57,58,57,58,59,57,54,53,58
59,56,56,59,56,56,54,59,58,56,56,61,55,51,53,61
58,57,56,59,57,54,53,55,60,55,57,59,58,54,53,60
57,58,56,59,56,55,52,58,61,57,54,60,58,52,57,59
62,57,56,63,57,55,53,58,56,55,55,60,58,54,52,57
56,56,57,60,58,55,53,57,59,57,57,65,56,55,55,57
60,59,57,60,62,55,52,53,55,53,58,61,58,54,58,57
61,57,56,61,62,54,55,61,60,60,60,63,62,60,60,61
59,60,61,62,62,59,59,61,60,61,61,61,63,60,60,61
63,61,62,65,62,60,60,59,61,62,60,63,63,60,59,62
58,63,59,62,66,60,61,65,66,56,74,56,65,58,65,58
58,66,59,62,61,65,58,61,60,62,59,65,65,61,60,63
63,59,60,63,64,59,60,61,60,59,59,63,60,61,59,64
59,64,57,66,61,61,59,66,60,60,59,61,61,63,60,66
62,60,58,65,60,58,60,62,61,60,59,60,65,63,61,62
64,61,59,64,61,60,62,62,60,60,60,60,65,62,59,56
56,56,56,56,56,56,56,56,56,56,56,56,56,56,56,56
56,56,56,56,56,56,56,56,56,56,56,59,63,65,69,76
79,85,82,87,88,88,99,99,106,102,103,101,104,99,105,97
102,98,99,106,105,111,114,117,117,119,113,116,120,118,119,124
125,123,118,124,118,117,121,121,119,117,114,121,122,120,127,133
131,127,125,126,121,126,125,127,130,126,123,123,133,148,184,215
243,251,245,225,199,169,148,134,119,107,99,101,99,100,103,106
104,104,105,107,106,104,110,111,112,108,105,107,105,106,109,111
112,110,106,110,106,106,103,110,109,105,110,109,109,105,111,115
120,114,113,115,110,108,110,117,116,115,112,116,110,106,108,114
113,110,106,108,108,108,111,117,117,114,114,119,114,113,116,119
118,114,113,117,110,108,110,116,116,113,110,111,107,105,106,110
110,110,113,117,117,114,116,123,124,120,117,117,113,109,111,114
117,116,111,115,113,109,110,118,113,114,111,114,113,110,112,117
114,119,115,120,116,112,111,115,112,114,112,113,111,106,109,111
114,113,113,114,110,108,109,114,113,114,113,114,110,110,111,114
112,114,111,115,109,104,105,111,109,108,108,113,108,109,110,112
111,110,111,114,111,107,108,114,113,108,110,112,112,108,109,108
114,109,109,110,108,101,102,111,107,107,107,109,108,107,104,107
112,111,107,112,109,106,107,109,105,107,105,107,101,101,100,106
106,103,103,110,104,102,102,106,106,107,106,107,106,103,103,104
107,103,103,109,105,99,101,103,104,102,100,104,103,98,99,103
104,100,104,107,105,100,103,104,102,101,100,105,106,100,98,102
100,98,101,102,101,98,100,100,100,101,100,106,103,99,99,101
100,97,99,102,102,98,96,98,97,98,98,100,98,96,96,99
102,98,98,100,99,98,97,98,95,96,97,99,100,94,94,100
96,97,97,100,96,96,97,96,94,96,94,98,102,94,96,100
100,94,96,97,98,93,92,96,96,94,94,102,97,92,92,93
95,91,93,95,93,93,96,96,95,93,92,97,92,92,92,98
96,93,89,94,91,95,91,91,93,94,90,97,94,93,92,96
91,89,89,93,94,87,90,93,92,88,89,94,91,90,93,94
89,91,89,92,92,89,90,95,93,87,84,92,89,86,87,90
91,91,88,90,89,90,88,94,89,89,87,92,91,89,88,89
88,88,89,88,89,85,89,89,88,82,83,87,85,84,87,91
92,88,83,88,88,85,88,91,89,87,83,89,83,84,87,89
86,85,79,85,84,84,83,88,87,83,83,85,86,84,84,89
86,86,85,85,83,81,83,89,87,79,81,84,82,82,81,84
89,83,81,84,82,82,83,86,85,82,79,83,79,80,81,88
86,81,79,79,83,81,82,83,82,81,81,85,79,78,81,87
84,79,78,81,81,79,80,83,83,80,78,81,77,76,78,84
83,79,78,81,76,76,81,83,83,82,80,80,77,80,80,83
80,79,78,78,76,75,78,81,82,79,80,81,77,76,76,82
83,82,77,79,78,76,78,79,81,78,77,78,75,71,75,82
80,77,76,78,77,74,77,80,81,80,79,79,73,72,73,80
78,76,74,80,76,74,73,76,76,80,75,78,76,74,74,80
77,77,76,80,75,71,72,75,78,77,76,76,75,75,72,77
77,75,75,77,75,72,74,79,77,75,75,78,77,74,71,77
75,74,74,77,72,71,73,75,75,74,71,76,74,70,71,77
75,75,76,78,72,72,69,75,76,75,74,76,73,69,69,73
69,71,73,77,73,70,69,73,75,72,71,75,72,70,71,73
74,70,72,75,72,69,68,73,72,70,71,74,69,67,69,71
70,70,73,74,69,71,71,72,71,71,70,73,71,69,67,70
71,70,68,70,72,68,68,71,70,69,71,72,69,67,66,74
72,71,68,74,72,69,66,68,69,69,67,73,68,65,66,73
70,69,70,71,69,66,66,68,69,67,69,71,70,68,67,68
69,67,65,70,70,65,66,68,70,68,65,72,68,68,67,68
69,70,67,71,67,66,67,68,66,67,66,70,67,66,65,66
67,67,63,70,67,66,66,68,68,68,68,69,67,66,66,69
68,67,66,71,69,69,67,68,65,63,64,67,67,65,65,69
66,65,65,67,67,64,65,70,66,65,63,66,62,67,65,67
64,64,64,69,67,65,66,68,66,63,64,66,67,65,67,66
67,66,62,65,65,63,66,67,65,61,63,64,67,64,62,68
68,63,62,67,65,64,67,65,63,63,63,65,64,65,63,66
65,61,61,67,63,64,65,66,64,64,62,63,65,63,62,66
65,62,61,65,62,62,65,65,64,63,60,64,64,64,63,68
65,64,63,65,63,62,61,64,65,62,61,63,65,64,62,66
64,62,60,66,62,61,61,64,62,62,61,63,65,63,60,65
63,61,61,63,63,62,63,63,64,63,62,62,65,62,60,64
62,60,60,63,63,61,61,63,65,63,61,64,63,59,61,65
62,61,62,63,62,62,61,63,65,62,61,64,60,60,61,65
63,62,61,63,62,60,60,62,63,60,61,61,62,60,61,62
62,61,62,61,60,61,61,64,61,61,62,63,61,60,60,63
65,60,61,62,61,60,58,63,62,60,62,62,59,59,59,63
63,60,64,63,60,59,60,60,62,61,61,61,61,58,59,62
63,60,62,63,59,60,59,63,64,63,61,63,60,58,59,61
61,62,61,63,58,59,57,63,61,60,60,63,61,59,59,61
62,62,62,62,60,59,57,60,62,59,61,62,58,58,59,59
62,61,61,62,59,59,58,62,61,60,62,63,59,58,59,61
62,61,61,62,60,57,57,60,61,61,59,62,58,58,59,56
57,58,56,61,55,51,52,54,56,54,56,57,55,49,54,54
56,53,56,59,54,53,55,56,54,53,54,58,54,52,50,55
54,55,54,58,53,53,53,56,54,55,55,59,55,56,52,55
58,53,54,61,56,52,53,57,57,54,56,56,52,50,52,57
55,52,53,56,53,51,53,57,55,52,55,58,55,54,53,55
57,50,52,57,52,49,47,57,53,52,52,55,58,52,49,55
56,52,52,58,55,51,52,56,53,52,52,59,55,52,52,53
55,52,53,54,52,51,50,55,53,55,54,59,55,51,53,54
55,53,52,58,56,50,50,55,53,51,50,54,53,50,51,55
54,52,54,56,56,52,52,53,53,53,50,56,54,50,51,53
52,47,51,52,53,52,51,54,55,51,51,56,54,52,53,56
55,52,52,54,51,52,48,52,49,50,49,57,53,51,52,54
51,49,49,52,50,51,53,54,54,51,51,55,54,54,55,53
54,50,50,53,54,50,51,54,53,50,51,52,51,52,53,56
53,47,46,53,52,53,53,57,55,52,47,52,52,52,50,55
52,51,51,53,50,51,54,56,54,51,48,56,52,50,53,55
55,50,49,49,50,48,50,57,56,50,49,52,51,51,49,54
53,51,48,54,52,51,49,55,52,52,48,52,50,51,52,56
56,52,49,52,53,49,50,54,57,53,50,54,50,47,52,52
55,50,50,51,51,47,50,57,56,51,48,52,52,50,50,54
54,50,51,51,50,50,50,54,50,48,48,53,48,48,50,55
51,50,48,48,49,48,52,55,54,52,50,51,49,48,48,53
55,50,48,46,50,48,51,54,52,52,49,52,49,49,48,56
56,50,48,52,49,48,49,55,54,52,50,53,47,48,47,54
51,48,47,53,51,48,50,55,54,52,48,52,49,50,48,54
53,50,49,48,45,46,50,53,53,50,49,50,48,45,47,55
57,50,50,51,49,49,52,51,49,51,48,51,47,45,47,55
53,48,47,51,49,45,47,51,53,52,51,54,50,48,47,52
52,47,50,51,50,45,47,48,54,50,47,51,48,46,49,54
53,50,52,55,50,48,49,51,55,52,49,52,49,49,45,50
51,52,50,52,48,45,48,50,55,49,51,55,50,47,45,53
55,51,52,53,47,47,48,49,50,47,51,55,50,45,46,54
52,51,53,55,51,47,49,51,53,51,51,55,49,46,44,49
51,49,50,53,47,47,47,51,52,50,49,53,50,49,49,52
52,53,54,55,50,45,48,51,55,49,50,55,52,47,44,48
52,47,50,54,53,50,50,53,55,51,51,52,50,47,48,51
51,51,49,56,50,49,49,50,52,50,50,53,52,47,51,55
52,48,48,53,52,47,48,52,51,49,48,50,49,47,49,53
52,51,50,51,51,45,48,50,53,50,50,53,52,47,49,51
52,48,49,52,53,48,48,49,53,48,48,52,51,49,49,55
52,51,51,52,53,49,48,50,52,49,51,50,51,48,49,50
51,50,47,52,53,49,51,52,50,53,53,54,51,49,48,53
51,48,46,52,49,48,48,53,50,47,47,49,50,51,49,53
52,50,50,54,53,50,50,52,51,46,50,51,51,49,51,52
50,49,48,57,54,51,52,51,54,51,48,52,50,51,50,53
51,49,49,52,50,49,49,52,50,47,46,49,51,49,52,53
53,49,44,51,48,50,50,52,54,48,50,49,53,49,49,55
54,48,48,54,52,51,50,53,51,48,51,51,51,51,52,56
54,48,46,52,49,49,52,55,51,52,47,51,49,49,51,53
53,50,51,53,51,49,53,55,53,52,48,53,53,51,52,55
53,49,47,50,51,50,51,54,52,51,50,56,50,50,50,54
54,51,49,53,51,51,50,54,52,48,48,49,50,48,52,55
55,49,50,53,51,51,51,58,56,50,49,53,48,50,52,54
55,48,50,50,50,46,49,57,54,51,50,49,51,47,48,54
54,52,50,54,50,49,48,55,55,50,49,52,50,47,51,57
53,48,47,52,49,49,49,55,54,51,50,53,53,46,49,54
54,49,47,50,49,52,49,52,51,51,49,54,50,50,50,54
54,53,51,51,51,50,48,55,54,52,52,52,48,46,48,51
53,51,53,54,53,48,49,57,53,51,50,52,51,49,48,49
54,53,49,51,48,45,49,52,54,52,52,54,51,45,48,53
54,53,51,53,49,50,49,52,50,54,53,51,46,46,47,54
55,53,48,53,49,49,48,52,52,50,53,52,51,48,50,50
53,50,50,53,53,48,47,52,55,55,52,52,51,48,51,53
54,52,54,55,51,48,49,54,51,52,52,54,49,48,48,51
53,51,50,54,51,45,48,53,52,54,52,53,51,47,48,51
54,50,48,53,52,47,47,50,51,52,51,54,52,50,49,51
56,50,52,54,50,50,48,52,53,51,48,55,53,50,46,49
50,50,50,54,51,48,48,52,51,50,49,55,54,50,49,53
52,49,49,56,51,47,49,52,49,49,50,53,53,50,46,51
53,49,51,57,54,51,50,53,53,51,49,56,56,49,49,53
53,50,50,56,53,50,47,52,51,51,51,57,54,49,48,50
50,46,52,55,54,50,49,50,50,49,47,54,51,51,50,54
52,47,52,56,51,48,49,52,50,50,51,55,54,51,50,51
51,49,48,51,50,48,49,52,50,49,49,54,55,50,48,53
53,50,51,53,52,52,51,54,51,47,50,55,54,47,50,54
53,52,49,52,53,52,51,52,51,53,51,55,51,51,50,55
51,51,48,53,53,50,50,53,56,49,47,56,50,54,53,54
55,50,51,51,54,50,51,52,55,50,49,53,54,53,53,51
52,50,50,50,52,51,54,55,54,48,48,51,52,52,51,53
51,51,49,51,49,49,51,57,53,49,47,54,51,51,52,56
53,52,50,52,54,53,54,54,52,50,49,52,49,49,53,56
54,51,50,51,51,50,53,59,55,52,48,54,50,53,54,58
53,50,48,50,51,46,50,58,55,49,49,51,54,53,52,57
59,54,52,51,52,50,55,58,56,49,50,52,50,46,49,54
56,53,49,52,52,48,52,56,54,52,51,58,51,51,51,57
55,53,50,53,50,48,52,56,53,52,50,50,50,50,50,56
56,53,51,56,54,48,52,57,58,53,49,54,53,51,49,55
54,51,52,51,51,51,53,55,54,52,51,53,53,49,49,57
57,53,52,53,53,50,51,54,54,51,50,54,52,51,51,56
57,54,53,56,53,51,56,56,56,57,52,55,52,48,51,56
55,53,53,55,53,48,53,51,55,56,55,54,54,53,51,59
54,53,54,56,54,51,50,55,55,54,53,54,52,50,49,55
55,55,56,57,54,50,53,54,56,52,52,56,54,51,51,54
53,53,52,51,51,48,51,54,57,52,54,56,53,49,50,56
55,53,54,55,56,50,51,51,54,54,55,59,52,48,51,57
55,55,54,58,55,51,50,53,56,54,57,56,53,50,48,55
54,51,52,60,53,47,48,53,55,53,55,58,51,49,50,55
56,54,54,57,53,53,51,53,53,50,50,58,54,50,50,55
55,56,53,56,56,52,51,52,56,53,56,57,55,51,50,50
54,51,52,57,54,50,51,52,54,54,55,58,56,55,55,59
58,55,51,58,54,52,50,54,53,50,52,56,53,50,53,55
54,49,53,59,56,54,52,56,55,53,55,58,54,55,53,55
55,55,52,55,53,50,51,55,53,49,51,56,55,52,54,58
55,52,51,58,55,51,50,54,53,51,52,55,53,51,51,57
54,53,51,56,55,53,53,52,55,53,52,54,52,52,53,56
54,51,52,54,55,53,54,54,54,54,52,54,55,51,54,55
54,51,52,57,54,50,53,57,54,52,52,54,55,52,52,55
53,53,50,56,51,52,54,58,56,53,51,54,55,49,51,54
54,52,52,54,54,53,54,53,53,53,54,53,56,51,53,55
55,52,51,56,53,53,52,56,57,54,54,53,53,54,54,55
53,47,51,57,54,53,53,57,55,52,52,53,51,52,53,58
53,51,54,55,49,49,51,56,54,53,50,53,54,51,51,55
55,51,52,55,52,53,54,59,55,54,51,54,53,51,55,59
56,54,51,53,51,52,54,57,55,50,49,54,56,50,52,59
55,51,51,53,53,51,52,58,57,51,47,50,53,50,53,57
55,51,50,58,55,49,53,60,60,55,53,52,54,51,53,58
58,50,50,53,51,52,54,59,60,54,52,55,55,52,55,57
57,54,52,53,50,50,56,57,56,53,49,55,50,49,52,55
58,55,52,52,48,50,50,57,57,53,51,57,54,53,52,56
60,57,51,54,52,52,51,56,55,53,51,53,53,52,55,55
56,56,54,58,52,51,50,55,58,54,53,56,55,49,52,55
55,52,54,55,53,52,52,56,58,54,54,56,53,51,53,56
56,56,54,55,51,50,50,55,55,54,52,58,56,52,54,58
57,57,53,57,55,52,54,58,58,55,55,54,54,48,51,56
58,51,55,56,55,53,49,56,58,56,56,56,54,54,54,55
56,55,54,58,55,52,51,58,56,54,53,57,55,54,52,56
57,56,57,59,55,51,54,58,58,55,54,56,56,51,51,56
57,57,57,58,54,50,52,56,56,56,59,61,56,52,52,56
59,55,55,61,58,51,52,56,54,56,54,59,54,53,51,57
58,53,54,59,56,53,54,56,58,57,56,57,59,54,51,50
55,54,56,59,58,52,51,55,58,56,55,60,59,56,54,58
55,55,52,61,56,53,53,57,56,53,52,62,58,55,51,56
56,55,55,58,56,56,56,59,56,56,55,57,59,54,54,54
55,54,55,59,58,54,53,58,55,54,56,57,58,53,54,58
57,54,54,60,59,55,55,57,56,55,53,57,55,52,56,57
56,53,55,60,57,59,57,58,59,53,51,60,59,53,58,57
58,53,54,55,54,52,54,57,56,56,52,59,57,55,55,56
59,55,56,57,58,55,53,54,54,53,54,60,53,52,55,57
57,52,53,57,58,58,55,58,57,52,55,60,57,55,57,56
55,52,52,55,55,52,55,56,57,56,54,59,55,54,59,59
56,55,58,58,55,54,55,58,58,54,53,59,57,53,53,58
56,56,55,56,56,55,56,59,59,56,55,58,59,54,55,58
60,56,54,54,57,55,58,59,59,55,53,58,55,56,56,58
61,56,54,59,55,52,55,62,59,56,53,58,53,53,56,59
55,54,53,59,56,54,57,63,61,56,53,58,55,56,59,64
59,57,55,55,57,52,55,62,58,54,53,54,56,55,55,60
60,58,54,58,57,57,56,65,59,56,54,59,53,56,57,59
62,56,52,57,57,54,56,60,60,58,54,58,54,54,57,60
59,57,55,55,57,55,55,58,60,58,53,54,55,55,57,60
61,56,58,59,56,52,56,60,61,57,54,57,55,54,56,60
59,57,53,59,57,53,56,60,63,58,57,59,56,55,57,61
63,59,57,59,56,54,57,59,59,55,56,57,55,52,56,60
60,56,58,59,56,56,55,61,60,60,60,61,57,56,52,59
59,56,56,55,54,53,56,58,58,59,57,58,58,56,56,60
61,58,58,58,57,52,53,58,59,57,54,59,57,53,55,61
59,59,58,61,58,55,56,61,60,57,57,61,57,56,55,60
57,58,58,58,54,51,52,57,58,58,58,60,57,53,55,64
57,58,59,58,58,55,54,59,61,59,57,57,58,51,56,59
57,56,59,62,59,55,55,62,62,59,59,64,56,54,56,60
57,57,56,59,57,53,57,59,60,55,57,62,59,55,57,61
59,59,58,63,60,52,58,59,61,56,57,59,57,51,55,56
62,59,57,60,58,55,55,58,57,59,59,64,59,57,54,61
59,58,54,62,58,56,53,60,61,61,61,63,62,61,61,63
61,64,59,66,66,60,61,61,63,62,60,62,61,60,60,60
60,61,59,63,62,60,60,63,63,60,63,63,62,62,63,57
57,98,56,62,68,76,56,70,62,60,57,77,59,57,66,89
57,56,115,57,61,60,67,59,59,75,57,61,59,71,59,58
60,65,57,60,73,65,62,58,71,59,62,61,75,58,77,56
71,67,56,63,57,58,57,57,59,62,68,62,65,70,57,91
60,61,63,73,61,57,63,75,60,58,57,59,57,58,57,57
57,62,59,61,63,63,65,65,65,66,62,62,56,56,56,56
56,56,56,56,56,56,56,56,56,56,56,56,56,56,56,56
56,56,56,56,56,56,56,56,56,56,56,56,56,56,56,99
158,213,264,333,375,438,487,540,574,617,642,674,676,689,720,728
746,750,779,796,797,805,821,845,853,871,891,900,940,954,964,978
997,1004,995,990,1007,1009,1008,1004,1013,1012,1017,1028,1041,1026,1035,1042
1041,1037,1050,1064,1069,1071,1081,1091,1086,1121,1211,1352,1490,1623,1722,1790
1823,1839,1834,1823,1798,1769,1746,1726,1704,1637,1519,1367,1210,1057,940,864
807,773,753,758,758,764,776,790,800,801,809,809,805,813,822,820
818,814,811,809,807,806,809,814,818,815,815,827,833,834,839,848
858,859,861,868,870,877,879,886,887,885,880,878,870,858,859,860
857,856,858,862,861,863,870,877,882,888,892,895,896,899,902,905
910,913,906,906,901,895,887,884,873,858,847,845,842,840,846,855
864,868,874,883,880,885,891,904,911,914,918,924,925,921,921,918
916,906,897,895,890,884,884,892,893,891,897,903,900,895,900,905
909,909,904,903,899,890,890,891,888,887,882,882,873,866,861,863
864,859,860,864,863,865,869,874,873,874,873,875,869,865,866,870
865,861,859,861,851,847,844,851,846,843,842,842,844,836,841,842
843,844,843,842,843,837,839,842,840,837,836,835,829,823,821,822
823,820,816,818,813,809,806,811,807,804,801,800,799,795,796,800
800,800,798,801,799,796,793,797,796,792,792,793,787,783,783,783
780,776,773,777,774,769,765,772,770,769,771,769,768,763,763,761
765,760,762,764,757,749,750,750,748,742,739,737,737,731,731,734
734,731,735,736,732,732,733,737,731,731,731,733,732,724,722,723
723,716,716,715,713,704,707,705,706,702,702,704,704,702,701,706
707,704,703,707,703,699,697,696,694,693,688,691,685,679,677,675
675,671,671,675,671,673,670,675,670,673,671,676,673,672,671,672
668,667,667,667,664,658,657,660,656,654,651,654,655,649,651,649
645,645,646,650,645,645,644,642,638,640,635,638,634,631,630,631
628,626,624,625,625,622,619,620,616,615,616,621,618,617,615,617
615,611,613,613,613,607,603,607,606,600,598,603,601,596,597,599
595,591,592,592,591,589,586,589,589,585,582,586,582,583,583,581
580,575,573,572,568,567,566,570,567,560,558,563,557,556,557,560
557,554,554,553,553,550,554,556,553,548,544,550,548,542,547,546
545,538,536,534,533,530,532,535,530,527,523,527,523,521,521,524
522,515,514,518,517,514,513,515,511,511,504,508,505,502,502,504
500,497,495,498,496,490,492,497,495,490,487,493,489,487,488,490
487,482,480,480,481,476,478,481,477,473,470,474,471,469,469,470
469,466,464,467,463,459,462,466,461,456,452,455,453,454,451,454
453,445,445,448,447,443,446,447,445,442,441,440,437,437,437,442
440,437,433,435,434,431,432,432,432,429,428,429,423,425,423,427
425,419,415,418,416,413,416,419,416,414,408,414,410,408,406,410
411,407,406,407,403,400,402,404,401,399,397,397,395,393,393,394
394,388,390,390,386,387,387,389,392,386,386,388,383,381,380,384
385,381,378,379,377,373,375,375,376,373,370,371,367,366,366,372
370,365,365,366,363,358,361,363,365,362,358,360,354,351,355,356
354,353,350,352,351,343,347,350,352,349,343,349,342,340,342,348
347,346,340,343,339,336,331,335,337,333,330,332,328,327,324,328
328,326,323,325,321,319,323,325,323,320,318,321,315,309,310,313
314,312,312,315,306,306,304,304,308,304,304,308,304,298,299,304
303,303,301,301,296,294,293,295,296,295,290,294,290,287,285,290
286,285,286,289,284,279,277,279,283,279,278,282,278,273,275,276
274,272,271,271,268,262,266,267,269,266,266,267,265,260,261,261
263,261,259,263,259,257,256,256,257,254,256,258,251,246,248,254
250,248,249,252,250,243,241,244,246,242,245,246,240,235,235,242
241,235,234,238,235,233,231,233,235,232,228,231,233,228,225,230
228,227,227,231,228,221,218,222,225,221,220,223,220,219,216,219
219,217,213,216,213,211,209,215,212,208,209,215,207,209,204,207
207,204,202,205,204,203,202,201,200,199,198,202,199,198,195,198
197,195,194,199,197,193,193,196,193,188,191,191,191,189,187,189
189,184,183,189,185,184,183,183,184,181,180,180,182,181,180,184
179,176,176,179,177,173,174,174,174,168,168,174,174,171,168,171
168,168,166,168,169,167,165,169,166,163,162,167,163,163,161,163
160,157,155,163,160,156,153,159,157,153,153,152,154,150,153,153
150,148,148,152,148,147,147,147,147,144,143,144,142,141,144,145
143,139,135,142,140,137,140,141,139,136,134,137,137,135,136,138
135,130,130,134,130,130,130,132,132,128,125,129,129,129,127,134
133,124,123,126,124,121,122,127,122,119,118,119,119,115,118,123
121,113,114,118,116,112,116,116,118,114,112,113,112,109,110,115
113,110,105,109,108,110,107,112,109,107,103,106,103,101,104,109
106,102,100,103,101,98,99,104,104,100,99,97,97,94,94,98
95,95,94,95,92,92,93,95,97,91,88,92,90,89,89,95
92,90,87,88,86,82,84,88,90,86,80,87,84,84,84,90
86,81,80,83,81,81,79,84,85,79,77,79,76,72,77,79
80,77,76,76,75,73,75,78,78,74,72,73,70,70,74,76
76,73,72,73,66,69,68,75,72,69,67,70,68,65,67,69
70,70,67,70,65,63,64,70,68,65,66,67,63,61,63,64
69,64,64,64,61,60,61,67,64,64,64,64,61,59,60,61
64,63,60,62,61,60,59,62,59,58,60,61,59,58,59,59
60,60,58,60,58,57,57,59,60,58,58,60,57,57,57,47
52,48,49,50,45,41,41,46,47,46,44,48,42,40,42,44
46,43,44,46,40,39,37,42,40,39,40,43,37,36,37,41
40,37,37,41,38,35,34,39,39,37,38,38,36,33,31,33
36,33,33,34,33,30,28,31,29,32,30,34,33,26,28,28
33,28,27,33,31,27,24,28,27,27,26,28,25,25,21,25
25,24,25,28,24,22,20,26,23,24,22,26,25,19,19,21
22,18,20,20,17,14,17,18,19,18,18,22,19,15,12,16
18,15,13,18,13,11,13,15,12,14,9,15,11,9,9,13
13,10,11,15,9,8,9,12,12,11,8,11,12,9,10,9
8,6,7,11,8,4,5,8,6,5,4,9,8,4,3,4
7,4,6,8,5,2,2,7,3,3,0,10,6,1,0,5
4,3,2,3,2,5,4,4,1,-1,2,4,3,2,0,2
1,0,2,-1,-2,0,1,1,-2,-3,-2,3,-3,-2,0,3
1,-4,-4,0,-3,-1,-1,-1,-1,-8,-7,1,-5,-4,-4,-4
-3,-4,-5,-2,-2,-4,-4,0,0,-4,-10,-3,-1,-2,-2,-4
-3,-5,-7,-5,-4,-9,-8,-4,-5,-7,-9,-5,-6,-9,-7,-6
-6,-4,-9,-8,-5,-8,-8,-6,-11,-9,-12,-6,-9,-9,-7,-6
-8,-11,-12,-11,-12,-13,-9,-6,-7,-12,-15,-11,-12,-12,-12,-10
-9,-12,-12,-15,-10,-14,-12,-13,-11,-14,-16,-16,-17,-14,-14,-13
-15,-16,-17,-18,-18,-17,-13,-13,-17,-17,-20,-17,-19,-18,-17,-14
-15,-21,-23,-18,-20,-21,-21,-17,-19,-20,-20,-19,-22,-21,-19,-19
-19,-21,-22,-23,-23,-25,-23,-17,-20,-24,-24,-22,-27,-26,-24,-19
-19,-24,-25,-25,-24,-25,-27,-23,-24,-26,-26,-25,-27,-27,-25,-23
-24,-28,-30,-26,-27,-30,-27,-25,-26,-25,-29,-27,-30,-26,-28,-28
-26,-26,-29,-27,-29,-29,-28,-26,-25,-28,-30,-30,-31,-32,-32,-26
-26,-29,-31,-27,-30,-29,-28,-23,-25,-27,-29,-29,-31,-30,-31,-27
-26,-30,-31,-28,-31,-32,-31,-27,-27,-29,-30,-27,-31,-33,-29,-26
-26,-29,-30,-27,-30,-32,-30,-27,-28,-27,-29,-29,-32,-32,-31,-26
-25,-25,-26,-28,-27,-31,-31,-26,-25,-24,-30,-29,-28,-29,-29,-25
-26,-30,-28,-27,-31,-32,-29,-27,-26,-27,-27,-28,-28,-32,-29,-27
-24,-28,-25,-27,-30,-31,-29,-27,-24,-25,-27,-26,-29,-31,-28,-27
-24,-27,-29,-29,-27,-31,-28,-24,-25,-25,-26,-25,-28,-31,-28,-24
-27,-27,-28,-28,-27,-30,-30,-27,-25,-28,-27,-25,-29,-29,-30,-26
-26,-27,-25,-27,-28,-31,-30,-28,-25,-28,-26,-28,-29,-30,-30,-26
-30,-30,-29,-27,-29,-31,-32,-29,-26,-29,-28,-26,-30,-30,-32,-28
-27,-27,-31,-26,-30,-33,-34,-31,-32,-31,-30,-27,-29,-34,-36,-29
-31,-32,-33,-28,-27,-33,-31,-31,-29,-33,-31,-29,-31,-35,-35,-31
-33,-32,-32,-30,-31,-33,-37,-34,-33,-34,-33,-28,-32,-33,-33,-32
-34,-32,-33,-28,-29,-36,-37,-34,-33,-35,-36,-33,-33,-35,-35,-33
-33,-33,-34,-32,-31,-35,-37,-33,-32,-35,-34,-32,-31,-32,-34,-33
-35,-35,-37,-33,-31,-36,-32,-34,-33,-35,-33,-30,-34,-33,-34,-34
-34,-33,-36,-30,-32,-34,-35,-30,-33,-34,-33,-32,-34,-31,-33,-32
-32,-33,-35,-31,-34,-33,-34,-32,-32,-32,-34,-29,-28,-32,-32,-32
-31,-32,-33,-29,-31,-32,-31,-30,-31,-32,-32,-30,-29,-30,-31,-29
-31,-30,-32,-26,-29,-31,-29,-28,-32,-33,-31,-30,-28,-31,-33,-27
-31,-30,-31,-26,-29,-30,-28,-26,-29,-29,-29,-25,-27,-30,-30,-27
-29,-30,-29,-25,-27,-31,-27,-29,-29,-30,-28,-30,-27,-26,-30,-25
-26,-29,-30,-22,-27,-26,-27,-27,-29,-29,-32,-26,-28,-28,-28,-24
-26,-27,-30,-25,-29,-28,-29,-27,-30,-29,-31,-27,-27,-27,-26,-26
-26,-29,-31,-26,-27,-29,-25,-25,-26,-28,-30,-28,-31,-31,-30,-25
-26,-31,-30,-28,-28,-29,-26,-23,-27,-29,-28,-27,-28,-31,-30,-25
-28,-30,-30,-30,-30,-31,-31,-29,-27,-30,-30,-28,-27,-30,-28,-24
-26,-30,-31,-29,-30,-30,-29,-28,-28,-30,-31,-31,-30,-31,-29,-25
-27,-27,-30,-28,-30,-29,-29,-26,-24,-28,-31,-28,-29,-29,-30,-24
-27,-29,-31,-28,-31,-31,-28,-26,-26,-29,-29,-27,-25,-29,-30,-26
-29,-27,-29,-27,-29,-31,-26,-27,-26,-28,-30,-27,-26,-28,-29,-23
-25,-25,-27,-25,-27,-24,-26,-23,-23,-26,-26,-24,-27,-25,-24,-24
-24,-25,-27,-24,-26,-26,-27,-22,-23,-25,-26,-22,-22,-25,-23,-22
-21,-22,-23,-21,-23,-25,-24,-22,-21,-25,-24,-21,-23,-22,-23,-20
-20,-21,-20,-20,-22,-20,-21,-16,-18,-19,-18,-18,-19,-21,-20,-20
-18,-19,-21,-18,-19,-20,-22,-17,-19,-17,-17,-17,-17,-20,-18,-16
-15,-18,-17,-16,-16,-19,-16,-16,-16,-15,-16,-14,-17,-18,-17,-16
-16,-14,-15,-15,-15,-18,-18,-12,-12,-14,-16,-11,-15,-17,-15,-15
-13,-15,-16,-12,-16,-17,-19,-14,-14,-14,-15,-13,-16,-17,-17,-16
-12,-12,-14,-12,-12,-17,-16,-14,-10,-14,-15,-14,-13,-18,-15,-15
-13,-12,-13,-12,-13,-16,-17,-14,-11,-10,-11,-8,-11,-16,-14,-15
-9,-13,-13,-12,-13,-15,-17,-15,-16,-11,-14,-11,-11,-11,-12,-15
-14,-12,-14,-9,-11,-14,-13,-11,-13,-13,-15,-11,-11,-12,-13,-13
-12,-15,-13,-11,-15,-18,-17,-13,-10,-12,-11,-12,-13,-15,-13,-13
-6,-12,-10,-8,-11,-14,-13,-13,-10,-11,-12,-7,-9,-12,-13,-11
-12,-11,-11,-6,-11,-13,-12,-13,-10,-10,-14,-11,-8,-14,-12,-8
-10,-11,-10,-8,-7,-9,-12,-8,-9,-9,-12,-7,-6,-6,-10,-5
-8,-10,-8,-3,-7,-8,-10,-3,-5,-8,-9,-5,-5,-7,-11,-6
-2,-6,-6,-6,-5,-6,-3,-2,-5,-7,-10,-1,1,-3,-5,-3
-3,-2,-4,-4,0,-4,-4,0,0,-2,-5,-6,-2,-1,-2,2
0,-4,-1,-2,1,2,-1,0,-1,-3,-1,2,0,2,0,0
-1,0,1,3,0,0,1,2,2,0,0,4,1,0,5,4
1,-1,0,3,2,0,3,7,2,0,-1,4,1,3,3,3
2,2,2,3,3,3,3,4,2,1,0,5,1,4,3,6
5,0,0,6,5,2,3,5,6,2,2,5,2,4,4,4
4,-2,3,6,6,3,6,9,7,2,2,4,4,5,8,6
6,3,2,6,4,0,6,8,5,2,0,6,3,5,4,3
7,4,2,5,7,2,6,11,7,1,1,7,5,4,5,7
8,2,5,5,3,2,6,9,5,4,4,6,6,4,8,10
11,7,6,8,6,4,4,11,7,8,2,6,4,4,4,10
9,5,3,8,8,5,11,9,11,7,5,9,3,5,4,10
10,6,5,6,8,2,5,10,12,9,7,11,8,4,7,10
10,12,8,12,8,8,6,12,10,8,6,12,10,7,9,12
10,11,8,14,9,8,11,13,14,12,11,16,11,9,10,13
16,13,11,8,9,11,14,14,15,11,11,14,12,12,12,16
19,14,14,18,12,11,15,14,15,16,13,13,14,15,12,17
12,15,15,18,15,12,15,19,20,16,13,18,16,15,15,15
18,18,17,20,14,12,15,16,18,13,16,20,19,13,15,21
19,18,17,18,17,15,18,21,21,18,19,21,15,14,15,22
23,21,16,21,17,15,15,20,19,18,20,21,18,15,16,22
20,17,18,19,17,12,14,16,23,20,21,21,17,14,17,21
19,19,21,21,17,14,19,23,24,22,21,25,20,17,14,19
19,20,19,22,19,15,18,23,23,20,20,24,21,19,15,20
22,21,26,24,19,18,18,18,21,17,20,21,19,14,19,21
23,18,19,26,22,17,20,22,24,22,22,24,19,18,18,22
19,19,19,27,25,19,19,23,23,21,23,25,19,19,21,25
22,21,25,27,24,20,19,20,22,21,22,26,25,22,19,23
22,25,22,26,26,21,22,24,27,23,20,27,28,22,20,26
25,23,20,27,26,22,21,23,25,22,26,29,25,23,27,27
26,24,22,29,28,24,25,26,26,24,25,25,24,27,24,29
25,23,26,32,31,26,26,30,29,26,25,26,28,28,27,30
26,24,25,29,27,26,27,31,29,26,27,29,32,28,27,31
32,29,28,30,31,29,31,31,29,24,30,32,32,28,28,31
31,29,25,30,32,30,32,32,32,30,30,32,28,30,31,35
34,29,27,33,30,31,32,32,28,28,29,30,31,30,32,36
34,31,29,34,33,31,34,33,32,29,28,31,33,32,30,34
32,27,27,32,31,32,33,36,32,31,30,32,31,32,32,37
35,32,32,35,30,30,33,33,32,29,27,32,34,30,30,35
34,30,28,32,35,33,33,36,35,31,31,33,31,29,32,36
37,30,31,33,33,31,31,36,37,35,32,32,33,34,36,38
36,32,29,39,36,32,34,40,37,33,32,33,34,32,34,37
36,33,32,38,34,31,37,38,37,33,31,36,37,33,36,38
39,33,33,34,32,32,34,38,41,36,34,35,37,34,34,41
41,37,36,39,37,36,35,39,38,36,34,36,33,33,38,42
38,36,35,39,35,35,36,41,40,38,37,38,39,39,36,39
40,38,36,38,35,33,38,40,41,40,36,39,38,35,38,38
43,43,38,42,37,35,37,45,43,40,40,42,40,36,40,41
44,42,39,40,40,36,40,45,43,41,41,43,39,38,38,42
45,40,43,42,41,39,40,45,42,42,42,43,39,38,39,43
44,42,40,45,40,41,40,45,45,44,41,43,39,38,39,42
43,41,41,46,41,40,40,48,45,45,41,45,44,42,41,43
47,46,41,45,45,41,41,46,45,41,44,48,43,42,41,45
47,44,43,47,44,43,42,47,45,45,43,44,41,43,41,46
45,43,43,48,41,41,42,45,45,45,49,45,42,44,44,45
47,42,45,47,43,41,41,46,47,45,44,45,44,41,42,46
48,45,47,49,45,41,44,45,47,43,44,46,44,43,43,47
46,45,46,49,42,40,46,48,48,48,45,49,48,44,42,45
48,46,48,48,45,41,43,44,49,46,47,51,46,42,45,48
48,46,45,51,45,44,43,48,47,48,46,52,49,45,43,45
45,43,45,51,50,46,47,50,46,47,48,51,49,48,45,47
48,46,48,49,47,45,46,49,50,46,46,51,50,48,45,49
49,45,47,49,48,48,47,50,51,48,46,54,51,47,47,51
51,49,48,49,50,48,46,49,49,48,49,52,52,47,49,53
50,48,50,52,52,49,48,50,49,48,47,51,50,49,51,55
54,48,49,52,49,50,49,54,53,48,48,53,52,51,51,55
52,50,47,49,50,47,51,55,52,50,50,54,52,50,50,51
52,51,51,51,55,51,52,55,52,49,51,54,51,50,51,54
53,51,48,50,48,48,51,57,54,52,52,56,54,52,54,57
53,51,49,52,54,51,49,55,55,49,49,51,50,50,52,56
55,53,51,56,54,50,54,55,55,49,50,53,52,52,52,54
53,50,49,53,53,51,52,59,56,52,48,53,51,50,51,56
54,52,50,53,51,47,50,57,55,48,49,50,51,52,52,58
58,51,49,54,54,51,53,54,55,53,48,49,50,51,53,57
55,51,50,53,50,48,51,57,57,54,51,54,51,52,53,55
55,54,52,52,51,50,52,59,56,55,50,53,50,52,51,55
58,54,53,52,55,51,56,57,57,53,55,52,53,50,50,57
59,55,53,53,53,50,55,57,58,55,55,58,55,50,51,58
58,56,54,56,55,54,53,57,58,56,56,56,52,54,50,57
58,56,56,57,57,53,54,57,61,57,55,55,54,54,54,58
57,55,55,57,58,51,55,57,60,59,55,58,57,54,57,61
58,57,56,62,56,53,54,57,57,55,54,58,57,55,55,62
64,57,57,59,55,55,58,57,59,58,59,59,57,53,58,57
61,58,56,60,59,55,57,57,60,57,58,62,60,57,55,60
60,59,58,60,55,54,56,58,60,58,56,61,57,56,56,60
57,59,63,64,58,53,58,63,60,61,58,62,59,55,55,60
59,57,58,59,58,52,55,58,61,57,57,63,60,53,54,60
61,60,59,61,60,56,56,59,60,57,59,61,55,55,56,62
60,57,57,62,60,54,53,58,60,59,61,59,59,55,56,59
58,55,55,63,62,55,56,56,59,55,57,59,59,54,58,60
