9691,10615,162216,182,736
24228,26538,405542,457,1842
3511,3895,25732,37,180
6,6,16,3,3
4033,8033,12039,1139,93206236
4,-7,-20,-2,-7
27000,29000,450000,420000,100
20000,22000,350000,40,1234567
3800,4300,29000,-40,-1182450701
2800,3300,25000,1076110264,-1182450701
9,9,18,64117,1024
5,5,14,9000000,128
40,40,40,0,0
-40,-40,-40,100,1784725072
4000,8000,12000,1100,37072330
4,4,16,25000,1232
6,0,0,0,15
0,6,16,0,1248000
3990,7990,11990,0,0

-27,9,-23,1
11,-20,-23,6
49,-17,-17,22
22,-38,1,30
36,8,-1,6
-17,10,18,-4
-27,28,7,-27
-15,30,4,-59
44,-23,-51,-31
48,-5,-51,-12
63,-31,-49,31
30,-3,-17,22
0,-6,40,6
-9,15,38,-7
-33,-6,16,-16
-34,4,-23,-29
-33,-14,-35,-38
-9,-15,-46,-1
17,-24,-26,18
28,-36,-1,36
33,-16,14,13
18,-17,38,-7
14,66,30,-2
-10,-8,-31,-25
-38,33,-16,-5
-10,-13,-29,5
-3,-73,-119,28
3,-9,-26,38
45,-76,-161,24
-37,24,-79,14
7,27,35,-6
-19,117,78,-33
62,88,132,-24
93,62,146,3
135,96,618,20
542,573,2862,35
1365,1367,6417,35
2201,2571,10590,9
3136,3438,14539,1
3515,3888,18031,-5
3455,3758,20716,-21
3038,3254,23046,-7
2487,2519,24181,28
1742,1910,24906,16
1291,1198,25437,25
664,802,25712,-10
350,420,25616,-33
84,227,25519,-22
-1,16,25273,-17
-33,-56,25345,8
40,-137,24790,-11
-9,-57,22787,16
29,-83,19257,-10
-123,-53,14926,31
-187,-114,10632,-7
-250,-138,6988,-30
-180,-189,4008,-29
-93,-153,1913,-29
7,-75,482,-17
28,-72,-293,-2
35,13,-759,35
10,-44,-1029,-9
-60,20,-1095,-24
-55,-55,-1245,-23
-163,-43,-1299,-36
-92,-185,-1489,-1
-133,-156,-1541,4
-87,-181,-1546,2
-32,-112,-1311,1
-7,-35,-1168,18
-42,27,-948,-10
-54,-26,-1051,-19
-140,-74,-1092,-29
-110,-179,-1331,-27
-106,-205,-1402,2
-89,-191,-1590,34
-116,-144,-1605,29
-88,-124,-1649,5
-122,-59,-1571,-8
-79,-51,-1539,-51
-67,-23,-1438,-36
-63,-89,-1458,-3
-68,-138,-1553,1
-84,-179,-1666,29
-87,-194,-1817,20
-118,-142,-1862,-1
-103,-88,-1768,-30
-106,-44,-1703,-39
-88,-49,-1649,-36
-89,-59,-1612,-22
-48,-121,-1549,-4
-52,-114,-1547,14


-43,-19,9,30,14,-16,-20,-37
-16,6,6,24,-2,23,-1,-16
-29,3,-8,18,19,-12,-14,-13
-27,-1,-1,35,11,-4,-26,-33
-35,-10,12,13,24,-1,-19,-39
-53,-25,11,39,35,11,-17,-43
-44,-30,12,15,30,-8,2,-32
-36,-37,4,31,23,20,-24,-31
-37,-15,-4,13,29,8,31,-7
-42,-49,-36,-3,23,17,-14,-5
-57,-23,-11,19,1,-15,11,-33
-45,-58,-13,19,40,66,26,-44
-120,-142,-83,29,86,115,119,73
12,-111,-202,-161,-56,115,173,152
98,-15,-73,-158,-177,-140,-18,66
157,100,64,-25,-96,-124,-107,18


0.000,2.641,2.649,2.636,2.641,2.663,2.667,2.656,2.644,2.636
2.634,2.631,2.637,2.632,2.574,2.571,2.566,2.565,0.000,0.000
0.000,0.000,0.000,0.000,0.000,0.000,0.000,0.000,0.000,0.000
0.000,0.000,0.000,0.000,0.000,0.000,0.000,0.000,0.000,0.000
0.000,0.000,0.000,0.000,0.000,0.000,0.000,0.000,0.000,0.000
0.000,0.000,0.000,0.000,0.000,0.000,0.000,0.000,0.000,0.000
0.000,0.000,0.000,0.000,0.000,0.000,0.000,0.000,0.000,0.000
0.000,0.000,0.000,0.000,0.000,0.000,0.000,0.000,0.000,0.000
0.000,0.000,0.000,0.000,0.000,0.000,0.000,0.000,0.000,0.000
0.000,0.000,0.000,0.000,0.000,0.000,0.000,0.000,0.000,0.000
0.000,0.000,0.000,0.000,0.000,0.000,0.000,0.000,0.000,0.000
0.000,0.000,0.000,0.000,0.000,0.000,0.000,0.000,0.000,0.000
0.000,0.000,0.000,0.000,0.000,0.000,0.000,0.000,0.000,0.000
0.000,0.000,0.000,0.000,0.000,0.000,0.000,0.000,0.000,0.000
0.000,0.000,0.000,0.000,0.000,0.000,0.000,0.000,0.000,0.000
0.000,0.000,0.000,0.000,0.000,0.000,0.000,0.000,0.000,0.000
0.000,0.000,0.000,0.000,0.000,0.000,0.000,0.000,0.000,0.000
0.000,0.000,0.000,0.000,0.000,0.000,0.000,0.000,0.000,0.000
0.000,0.000,0.000,0.000,0.000,0.000,0.000,0.000,0.000,0.000
0.000,0.000,0.000,0.000,0.000,0.000,0.000,0.000,0.000,0.000
0.000,0.000,0.000,0.000,0.000,0.000,0.000,0.000,0.000,0.000
0.000,0.000,0.000,0.000,0.000,0.000,0.000,0.000,0.000,0.000
0.000,0.000,0.000,0.000,0.000,0.000,0.000,0.000,0.000,0.000
0.000,0.000,0.000,0.000,0.000,0.000,0.000,0.000,0.000,0.000
0.000,0.000,0.000,0.000,0.000,0.000,0.000,0.000,0.000,0.000
0.000,0.000,0.000,0.000,0.000,0.000,0.000,0.000,0.000,0.000
0.000,0.000,0.000,0.000,0.000,0.000,0.000,0.000,0.000,0.000
0.000,0.000,0.000,0.000,0.000,0.000,0.000,0.000,0.000,0.000
0.000,0.000,0.000,0.000,0.000,0.000,0.000,0.000,0.000,0.000
0.000,0.000,0.000,0.000,0.000,0.000,0.000,0.000,0.000,0.000
0.000,0.000,0.000,0.000,0.000,0.000,0.000,0.000,0.000,0.000
0.000,0.000,0.000,0.000,0.000,0.000,0.000,0.000,0.000,0.000
0.000,0.000,0.000,0.000,0.000,0.000,0.000,0.000,0.000,0.000
0.000,0.000,0.000,0.000,0.000,0.000,0.000,0.000,0.000,0.000
0.000,0.000,0.000,0.000,0.000,0.000,0.000,0.000,0.000,0.000
0.000,0.000,0.000,0.000,0.000,0.000,0.000,0.000,0.000,0.000
0.000,0.000,0.000,0.000,0.000,0.000,0.000,0.000,0.000,0.000
0.000,0.000,0.000,0.000,0.000,0.000,0.000,0.000,0.000,0.000
0.000,0.000,0.000,0.000,0.000,0.000,0.000,0.000,0.000,0.000
0.000,0.000,0.000,0.000,0.000,0.000,0.000,0.000,0.000,0.000
0.000,0.000,0.000,0.000,0.000,0.000,0.000,0.000,0.000,0.000
0.000,0.000,0.000,0.000,0.000,0.000,0.000,0.000,0.000,0.000
0.000,0.000,0.000,0.000,0.000,0.000,0.000,0.000,0.000,0.000
0.000,0.000,0.000,0.000,0.000,0.000,0.000,0.000,0.000,0.000
0.000,0.000,0.000,0.000,0.000,0.000,0.000,0.000,0.000,0.000
0.000,0.000,0.000,0.000,0.000,0.000,0.000,0.000,0.000,0.000
0.000,0.000,0.000,0.000,0.000,0.000,0.000,0.000,0.000,0.000
0.000,0.000,0.000,0.000,0.000,0.000,0.000,0.000,0.000,0.000
0.000,0.000,0.000,0.000,0.000,0.000,0.000,0.000,0.000,0.000
0.000,0.000,0.000,0.000,0.000,0.000,0.000,0.000,0.000,0.000
0.000,0.000,0.000,0.000,0.000,0.000,0.000,0.000,0.000,0.000
0.000,0.000,0.000,0.000,0.000,0.000,0.000,0.000,0.000,0.000
0.000,0.000,0.000,0.000,0.000,0.000,0.000,0.000,0.000,0.000
0.000,0.000,0.000,0.000,0.000,0.000,0.000,0.000,0.000,0.000
0.000,0.000,0.000,0.000,0.000,0.000,0.000,0.000,0.000,0.000
0.000,0.000,0.000,0.000,0.000,0.000,0.000,0.000,0.000,0.000
0.000,0.000,0.000,0.000,0.000,0.000,0.000,0.000,0.000,0.000
0.000,0.000,0.000,0.000,0.000,0.000,0.000,0.000,0.000,0.000
0.000,0.000,0.000,0.000,0.000,0.000,0.000,0.000,0.000,0.000
0.000,0.000,0.000,0.000,0.000,0.000,0.000,0.000,0.000,0.000
0.000,0.000,0.000,0.000,0.000,0.000,0.000,0.000,0.000,0.000
0.000,0.000,0.000,0.000,0.000,0.000,0.000,0.000,0.000,0.000
0.000,0.000,0.000,0.000,0.000,0.000,0.000,0.000,0.000,0.000
0.000,0.000,0.000,0.000,0.000,0.000,0.000,0.000,0.000,0.000
0.000,0.000,0.000,0.000,0.000,0.000,0.000,0.000,0.000,0.000
0.000,0.000,0.000,0.000,0.000,0.000,0.000,0.000,0.000,0.000
0.000,0.000,0.000,0.000,0.000,0.000,0.000,0.000,0.000,0.000
0.000,0.000,0.000,0.000,0.000,0.000,0.000,0.000,0.000,0.000
0.000,0.000,0.000,0.000,0.000,0.000,0.000,0.000,0.000,0.000
0.000,0.000,0.000,0.000,0.000,0.000,0.000,0.000,0.000,0.000
0.000,0.000,0.000,0.000,0.000,0.000,0.000,0.000,0.000,0.000
0.000,0.000,0.000,0.000,0.000,0.000,0.000,0.000,0.000,0.000
0.000,0.000,0.000,0.000,0.000,0.000,0.000,0.000,0.000,0.000
0.000,0.000,0.000,0.000,0.000,0.000,0.000,0.000,0.000,0.000
0.000,0.000,0.000,0.000,0.000,0.000,0.000,0.000,0.000,0.000
0.000,0.000,0.000,0.000,0.000,0.000,0.000,0.000,0.000,0.000
0.000,0.000,0.000,0.000,0.000,0.000,0.000,0.000,0.000,0.000
0.000,0.000,0.000,0.000,0.000,0.000,0.000,0.000,0.000,0.000
0.000,0.000,0.000,0.000,0.000,0.000,0.000,0.000,0.000,0.000
0.000,0.000,0.000,0.000,0.000,0.000,0.000,0.000,0.000,0.000
0.000,0.000,0.000,0.000,0.000,0.000,0.000,0.000,0.000,0.000
0.000,0.000,0.000,0.000,0.000,0.000,0.000,0.000,0.000,0.000
0.000,0.000,0.000,0.000,0.000,0.000,0.000,0.000,0.000,0.000
0.000,0.000,0.000,0.000,0.000,0.000,0.000,0.000,0.000,0.000
0.000,0.000,0.000,0.000,0.000,0.000,0.000,0.000,0.000,0.000
0.000,0.000,0.000,0.000,0.000,0.000,0.000,0.000,0.000,0.000
0.000,0.000,0.000,0.000,0.000,0.000,0.000,0.000,0.000,0.000
0.000,0.000,0.000,0.000,0.000,0.000,0.000,0.000,0.000,0.000
0.000,0.000,0.000,0.000,0.000,0.000,0.000,0.000,0.000,0.000
0.000,0.000,0.000,0.000,0.000,0.000,0.000,0.000,0.000,0.000
0.000,0.000,0.000,0.000,0.000,0.000,0.000,0.000,0.000,0.000
0.000,0.000,0.000,0.000,0.000,0.000,0.000,0.000,0.000,0.000
0.000,0.000,0.000,0.000,0.000,0.000,0.000,0.000,0.000,0.000
0.000,0.000,0.000,0.000,0.000,0.000,0.000,0.000,0.000,0.000
0.000,0.000,0.000,0.000,0.000,0.000,0.000,0.000,0.000,0.000
0.000,0.000,0.000,0.000,0.000,0.000,0.000,0.000,0.000,0.000
0.000,0.000,0.000,0.000,0.000,0.000,0.000,0.000,0.000,0.000
0.000,0.000,0.000,0.000,0.000,0.000,0.000,0.000,0.000,0.000
0.000,0.000,0.000,0.000,0.000,0.000,0.000,0.000,0.000,0.000
0.000,0.000,0.000,0.000,0.000,0.000,0.000,0.000,0.000,0.000
