10077,10853,164273,46,2543
16628,17908,271051,77,4197
2059,2062,13422,21,348
8,8,20,2,2
4121,6119,8129,1527,77228064
49,-68,-42,-47,-81
18500,18800,277000,240000,1000
15000,16000,269000,0,1234567
2200,2200,14500,-100,-1320427068
1800,1800,12000,1110871995,-1320427068
10,10,22,753066,128
6,6,18,9000000,128
100,0,0,0,0
0,-100,-100,100,1765431529
4003,6000,8000,1450,10050
5,6,20,16500,922
5,0,0,1114644279,32
0,4,19,0,1
4075,6075,8075,0,0

60,-72,-7,-54
65,-88,-42,-39
75,-97,-45,-35
56,-76,-51,-38
63,-61,-41,-58
54,-94,-44,-59
85,-105,-12,-48
66,-94,-74,-63
50,-66,-3,-74
71,-64,-14,-24
72,-68,-60,-32
53,-59,-80,-34
52,-47,-43,-46
43,-57,-48,-31
60,-82,-66,-54
37,-83,-52,-63
28,-74,-40,-46
19,-57,-24,-34
34,-65,-11,-38
49,-56,-44,-49
33,-38,-22,-49
40,-52,-20,-48
44,-72,-51,-43
39,-62,-55,-60
24,-51,-35,-55
44,-55,-55,-41
58,-64,-61,-28
52,-74,-73,-57
51,-67,-71,-44
50,-70,-75,-52
54,-78,-87,-62
49,-60,-75,-72
35,-20,-4,-59
36,25,266,-45
43,186,1151,-54
71,471,2572,-58
109,869,4429,-61
339,1256,6286,-54
675,1604,8039,-52
1131,1882,9513,-59
1592,1994,10655,-68
1962,1891,11510,-48
2108,1614,12105,-67
2033,1310,12520,-72
1792,990,12788,-60
1486,705,12999,-38
1164,498,13150,-41
873,320,13239,-57
615,201,13305,-66
435,115,13341,-73
326,41,13380,-79
233,2,13372,-106
174,-23,13359,-111
133,-23,13101,-88
100,-23,12276,-91
67,-14,10914,-99
43,5,9146,-101
63,-10,7288,-99
62,-7,5539,-104
62,-22,4017,-95
59,-28,2851,-97
65,-45,1990,-71
76,-43,1356,-62
56,-39,942,-81
33,-53,664,-72
37,-67,428,-61
64,-85,265,-54
68,-98,181,-70
36,-82,157,-65
37,-78,90,-54
45,-69,62,-50
50,-61,50,-52
36,-61,16,-41
60,-65,-21,-26
71,-85,-59,-31
59,-74,-88,-41
43,-79,-114,-47
32,-81,-166,-63
35,-82,-192,-79
26,-82,-231,-74
19,-76,-227,-53
33,-96,-239,-39
33,-112,-284,-44
55,-100,-294,-58
26,-81,-256,-50
41,-93,-290,-51
35,-116,-326,-62
50,-82,-329,-68
26,-59,-334,-71
19,-59,-366,-37
47,-77,-428,-63
55,-81,-448,-59


-93,-90,-77,-71,-73,-73,-67,-70
-68,-71,-82,-75,-100,-97,-96,-76
-83,-93,-80,-76,-89,-99,-109,-97
-70,-81,-70,-68,-83,-93,-98,-104
-104,-102,-89,-67,-83,-94,-75,-70
-65,-84,-70,-57,-67,-84,-92,-80
-82,-80,-79,-68,-83,-74,-88,-70
-88,-87,-84,-66,-83,-90,-94,-69
-74,-87,-99,-88,-84,-86,-71,-81
-94,-94,-78,-73,-83,-108,-102,-77
-79,-90,-90,-83,-97,-88,-92,-90
-85,-85,39,326,184,-553,-505,-1099
-775,-621,-137,56,-256,88,124,-81
-426,73,-205,-175,-232,267,-153,-145
-46,-135,-67,10,-217,-169,107,-73
-159,-149,39,-147,-72,-55,-112,-112
