9903,10544,164504,5999,4493
16340,17398,271432,9899,7414
2046,2005,13417,933,197
8,8,20,11,1
4121,6119,8129,1507,38103618
59,-55,-49,-55,-111
18500,18800,277000,240000,1000
15000,16000,269000,0,1234567
2200,2200,14500,-100,-1320427068
1800,1800,12000,1114783184,-1320427068
10,10,22,999246,128
6,6,18,9000000,128
100,0,0,0,0
0,-100,-100,100,1765431423
4003,6000,8000,1450,10050
5,6,20,16500,815
5,0,0,1114644279,32
0,4,19,0,1
4075,6075,8075,0,0

43,-41,-66,-40
60,-56,-80,-44
71,-60,-71,-54
55,-58,-59,-38
75,-57,-72,-25
66,-74,-64,-34
68,-55,-22,-48
29,-43,-83,-49
37,-40,-34,-28
51,-43,-31,-37
51,-42,-50,-66
17,-30,-43,-70
57,-42,-17,-61
70,-69,-50,-67
59,-58,-60,-77
43,-49,-38,-69
54,-55,-31,-71
75,-67,-32,-64
85,-58,-27,-65
89,-47,-47,-63
91,-65,-44,-67
94,-85,-61,-65
92,-87,-57,-51
82,-83,-51,-70
89,-77,-55,-57
84,-67,-58,-70
55,-66,-39,-68
30,-37,-22,-57
30,-39,-46,-47
44,-51,-46,-76
35,-60,-36,-74
26,-39,-21,-52
29,-42,36,-46
58,-3,287,-56
47,200,1173,-63
55,501,2607,-79
109,857,4435,-59
347,1233,6305,-60
671,1595,8052,-55
1106,1856,9531,-47
1577,1950,10647,-43
1943,1856,11507,-51
2105,1611,12096,-61
2031,1319,12495,-43
1778,1007,12766,40
1472,711,12972,153
1149,496,13130,305
877,345,13222,468
626,215,13286,597
456,129,13339,711
322,86,13368,770
203,59,13362,836
185,10,13342,876
158,-14,13090,878
131,-29,12279,822
87,-28,10917,709
78,-22,9127,566
74,-39,7275,423
76,-28,5516,285
74,-27,4035,169
81,-43,2854,86
91,-44,1995,26
85,-58,1360,-19
58,-83,951,-26
54,-62,659,-31
58,-74,446,-41
37,-76,309,-56
32,-51,228,-68
34,-59,161,-53
26,-83,85,-53
40,-68,68,-72
30,-45,50,-74
40,-58,9,-48
57,-76,-26,-65
48,-86,-61,-91
25,-54,-98,-80
35,-83,-123,-55
57,-96,-180,-64
53,-98,-193,-81
50,-107,-232,-90
55,-104,-223,-85
65,-100,-246,-79
39,-123,-286,-80
26,-85,-282,-81
29,-94,-285,-62
25,-78,-316,-60
16,-78,-334,-62
44,-85,-323,-51
34,-90,-354,-32
23,-79,-380,-58
18,-83,-406,-77
14,-69,-424,-62


-90,-83,-95,-86,-91,-80,-90,-116
-113,-94,-100,-112,-126,-98,-87,-101
-108,-98,-102,-117,-112,-104,-116,-113
-111,-111,-116,-106,-111,-94,-101,-108
-102,-89,-99,-109,-106,-112,-116,-129
-120,-98,-117,-124,-99,-112,-120,-127
-114,-95,-96,-107,-102,-88,-83,-114
-103,-99,-112,-124,-110,-104,-124,-130
-134,-119,-136,-134,-127,-107,-122,-130
-121,-111,-117,-113,-121,-106,-123,-135
-120,-113,-100,-106,-117,-113,-106,-105
740,-795,-534,-1395,-686,1,265,-1064
381,-68,-236,-547,252,-126,-520,30
-138,-603,91,38,-225,-85,-64,-121
-235,-80,-365,-79,86,-105,-204,-74
-237,-55,-151,-155,-234,-202,33,33
