9551,10272,162550,140,4436
16765,18031,285308,247,7787
2041,2206,14844,20,964
8,8,19,1,1
4121,8118,12129,1135,49450023
59,-56,-55,-57,-56
18500,18800,290000,240000,1000
15000,16000,282000,0,1234567
2200,2400,15900,-100,1094419572
1800,2000,13900,1069207235,1094419572
10,10,22,25616,128
6,6,18,9000000,128
100,0,0,0,0
0,-100,-100,100,1766997479
4003,8000,12000,1058,10050
5,5,19,17552,1036943
5,0,0,0,32
0,5,21,0,1
4075,8075,12075,0,0

61,-44,-37,-67
47,-59,-70,-60
63,-46,-53,-50
46,-60,-73,-53
53,-47,-69,-56
69,-67,-83,-66
66,-82,-75,-64
68,-84,-101,-75
48,-48,-58,-73
64,-59,-19,-65
61,-76,-63,-68
54,-69,-73,-76
59,-41,-22,-59
49,-49,-39,-31
74,-67,-71,-38
81,-77,-56,-67
68,-62,-38,-62
66,-71,-62,-52
60,-71,-52,-60
58,-57,-32,-56
49,-50,-49,-63
57,-62,-77,-54
58,-62,-57,-52
56,-56,-26,-58
39,-45,-53,-58
66,-52,-57,-48
90,-51,-54,-62
71,-50,-58,-59
59,-37,-67,-66
73,-41,-43,-60
77,-61,-62,-57
71,-72,-47,-58
43,-35,81,-67
66,61,494,-44
68,287,1512,-67
87,686,3205,-70
190,1164,5242,-81
400,1643,7314,-58
797,1979,9153,-76
1228,2150,10756,-69
1644,2043,11938,-73
1989,1777,12828,-60
2100,1448,13454,-55
1981,1096,13874,-43
1730,807,14178,-48
1408,553,14382,-43
1101,379,14534,-53
810,245,14641,-57
594,175,14710,-61
430,109,14772,-40
331,51,14789,-44
245,23,14712,-64
174,0,14274,-56
148,-13,13299,-66
129,-29,11687,-62
123,-44,9678,-73
78,-35,7688,-77
96,-31,5796,-53
84,-30,4261,-56
77,-44,3029,-62
78,-32,2144,-50
95,-51,1471,-46
95,-74,1015,-51
69,-67,722,-54
47,-56,497,-55
51,-72,321,-41
54,-81,207,-40
61,-72,139,-47
46,-60,104,-51
47,-61,69,-45
58,-66,36,-63
68,-41,29,-58
48,-52,7,-49
49,-68,-52,-37
55,-80,-95,-54
78,-84,-137,-77
71,-70,-184,-73
69,-70,-226,-52
67,-95,-259,-56
36,-74,-271,-60
27,-97,-316,-54
53,-93,-264,-51
35,-111,-288,-60
34,-91,-311,-52
33,-92,-296,-57
24,-72,-315,-53
31,-112,-361,-55
34,-89,-390,-61
33,-87,-402,-49
30,-99,-450,-39
39,-116,-491,-68
62,-98,-501,-51


-77,-59,-60,-61,-60,-47,-52,-59
-67,-53,-50,-57,-67,-57,-63,-76
-70,-53,-49,-47,-36,-54,-60,-74
-49,-9,-34,-71,-64,-65,-68,-82
-68,-62,-59,-78,-58,-55,-51,-59
-47,-43,-58,-86,-82,-51,-42,-52
-54,-43,-52,-62,-65,-55,-54,-57
-60,-48,-47,-53,-59,-46,-72,-84
-54,-40,-40,-54,-70,-57,-57,-82
-63,-58,-51,-67,-63,-59,-49,-63
-59,-47,-52,-65,-54,-41,-43,-60
-52,-43,-47,-50,-65,-65,-70,-62
-65,-61,-55,-52,-44,-41,136,1272
-914,-122,-606,-605,227,349,-1408,-778
391,690,-834,-128,908,280,779,-1120
-635,377,-130,-295,-173,-145,1,1


0.000,1.347,1.347,1.339,1.340,1.332,1.322,1.326,1.322,1.326
1.331,1.336,1.334,1.336,1.345,1.343,1.352,1.352,1.340,1.359
1.354,1.358,1.357,1.353,1.349,1.356,1.358,1.357,1.369,1.374
1.366,1.381,1.374,1.367,1.374,1.390,1.390,1.401,1.395,1.408
1.402,1.416,1.425,1.426,1.430,1.433,1.428,1.424,1.419,1.421
1.407,1.408,1.405,1.424,1.432,1.438,1.441,1.452,1.463,1.449
1.461,1.465,1.463,1.457,1.452,1.463,1.463,1.461,1.466,1.467
1.474,1.475,1.472,1.469,1.458,1.446,1.452,1.450,1.447,1.440
1.444,1.438,1.445,1.446,1.441,1.439,1.441,1.435,1.431,1.438
1.431,1.443,1.436,1.437,1.430,1.435,1.434,1.432,1.431,1.433
1.449,1.449,1.435,1.431,1.430,1.439,1.439,1.443,1.447,1.442
1.437,1.438,1.445,1.453,1.454,1.465,1.455,1.452,1.455,1.444
1.441,1.440,1.440,1.450,1.449,1.444,1.447,1.446,1.439,1.432
1.438,1.422,1.433,1.426,1.421,1.399,1.399,1.390,1.403,1.403
1.402,1.402,1.414,1.417,1.413,1.408,1.411,1.415,1.419,1.419
1.438,1.447,1.454,1.446,1.453,1.446,1.445,1.432,1.434,1.445
1.444,1.441,1.447,1.449,1.451,1.445,1.443,1.446,1.440,1.439
1.441,1.439,1.440,1.446,1.450,1.453,1.463,1.466,1.465,1.465
1.462,1.462,1.466,1.472,1.466,1.467,1.462,1.464,1.469,1.464
1.462,1.451,1.460,1.460,1.464,1.456,1.457,1.470,1.469,1.469
1.462,1.462,1.470,1.473,1.465,1.460,1.464,1.463,1.468,1.470
1.470,1.472,1.463,1.459,1.456,1.442,1.445,1.443,1.443,1.441
1.449,1.447,1.446,1.442,1.453,1.452,1.445,1.445,1.449,1.461
1.463,1.467,1.473,1.481,1.489,1.490,1.500,1.499,1.496,1.486
1.488,1.491,1.473,1.470,1.474,1.474,1.479,1.480,1.483,1.492
1.481,1.470,1.463,1.455,1.450,1.454,1.455,1.457,1.447,1.436
1.417,1.407,1.406,1.414,1.412,1.410,1.420,1.417,1.416,1.416
1.410,1.410,1.407,1.414,1.400,1.400,1.395,1.394,1.395,1.391
1.395,1.396,1.386,1.385,1.383,1.388,1.390,1.393,1.396,1.401
1.401,1.410,1.417,1.430,1.429,1.431,1.433,1.420,1.411,1.401
1.399,1.398,1.393,1.401,1.409,1.406,1.402,1.401,1.399,1.402
1.394,1.407,1.416,1.409,1.410,1.414,1.404,1.404,1.404,1.396
1.385,1.385,1.382,1.381,1.373,1.374,1.368,1.375,1.368,1.355
1.355,1.355,1.344,1.350,1.351,1.353,1.351,1.351,1.345,1.351
1.345,1.334,1.334,1.332,1.330,1.344,1.340,1.338,1.329,1.318
1.314,1.315,1.314,1.319,1.318,1.313,1.308,1.314,1.333,1.337
1.349,1.356,1.364,1.357,1.360,1.354,1.347,1.349,1.358,1.370
1.374,1.378,1.388,1.376,1.388,1.393,1.390,1.383,1.385,1.390
1.393,1.397,1.398,1.392,1.402,1.396,1.393,1.386,1.386,1.389
1.389,1.380,1.369,1.357,1.361,1.358,1.352,1.358,1.382,1.382
1.404,1.403,1.395,1.391,1.385,1.387,1.398,1.390,1.389,1.389
1.399,1.383,1.376,1.382,1.376,1.374,1.390,1.389,1.388,1.397
1.408,1.407,1.406,1.406,1.412,1.436,1.447,1.434,1.429,1.432
1.440,1.437,1.433,1.429,1.430,1.427,1.419,1.419,1.426,1.422
1.424,1.429,1.435,1.434,1.434,1.423,1.421,1.417,1.437,1.442
1.442,1.435,1.432,1.426,1.417,1.421,1.418,1.414,1.407,1.408
1.401,1.397,1.390,1.390,1.392,1.396,1.398,1.398,1.388,1.377
1.377,1.380,1.369,1.363,1.355,1.350,1.354,1.365,1.366,1.361
1.359,1.354,1.365,1.367,1.368,1.370,1.376,1.375,1.380,1.382
1.385,1.384,1.391,1.385,1.378,1.383,1.382,1.380,1.363,1.373
1.355,1.363,1.371,1.368,1.370,1.373,1.370,1.374,1.366,1.354
1.348,1.349,1.353,1.349,1.351,1.352,1.343,1.345,1.351,1.348
1.363,1.363,1.372,1.370,1.371,1.347,1.336,1.346,1.346,1.351
1.355,1.361,1.357,1.350,1.345,1.343,1.353,1.350,1.351,1.350
1.338,1.337,1.329,1.336,1.339,1.338,1.343,1.349,1.338,1.341
1.360,1.375,1.380,1.393,1.408,1.411,1.418,1.417,1.403,1.402
1.408,1.416,1.420,1.436,1.435,1.444,1.441,1.444,1.448,1.455
1.452,1.451,1.453,1.459,0.000,0.000,0.000,0.000,0.000,0.000
0.000,0.000,0.000,0.000,0.000,0.000,0.000,0.000,0.000,0.000
0.000,0.000,0.000,0.000,0.000,0.000,0.000,0.000,0.000,0.000
0.000,0.000,0.000,0.000,0.000,0.000,0.000,0.000,0.000,0.000
0.000,0.000,0.000,0.000,0.000,0.000,0.000,0.000,0.000,0.000
0.000,0.000,0.000,0.000,0.000,0.000,0.000,0.000,0.000,0.000
0.000,0.000,0.000,0.000,0.000,0.000,0.000,0.000,0.000,0.000
0.000,0.000,0.000,0.000,0.000,0.000,0.000,0.000,0.000,0.000
0.000,0.000,0.000,0.000,0.000,0.000,0.000,0.000,0.000,0.000
0.000,0.000,0.000,0.000,0.000,0.000,0.000,0.000,0.000,0.000
0.000,0.000,0.000,0.000,0.000,0.000,0.000,0.000,0.000,0.000
0.000,0.000,0.000,0.000,0.000,0.000,0.000,0.000,0.000,0.000
0.000,0.000,0.000,0.000,0.000,0.000,0.000,0.000,0.000,0.000
0.000,0.000,0.000,0.000,0.000,0.000,0.000,0.000,0.000,0.000
0.000,0.000,0.000,0.000,0.000,0.000,0.000,0.000,0.000,0.000
0.000,0.000,0.000,0.000,0.000,0.000,0.000,0.000,0.000,0.000
0.000,0.000,0.000,0.000,0.000,0.000,0.000,0.000,0.000,0.000
0.000,0.000,0.000,0.000,0.000,0.000,0.000,0.000,0.000,0.000
0.000,0.000,0.000,0.000,0.000,0.000,0.000,0.000,0.000,0.000
0.000,0.000,0.000,0.000,0.000,0.000,0.000,0.000,0.000,0.000
0.000,0.000,0.000,0.000,0.000,0.000,0.000,0.000,0.000,0.000
0.000,0.000,0.000,0.000,0.000,0.000,0.000,0.000,0.000,0.000
0.000,0.000,0.000,0.000,0.000,0.000,0.000,0.000,0.000,0.000
0.000,0.000,0.000,0.000,0.000,0.000,0.000,0.000,0.000,0.000
0.000,0.000,0.000,0.000,0.000,0.000,0.000,0.000,0.000,0.000
0.000,0.000,0.000,0.000,0.000,0.000,0.000,0.000,0.000,0.000
0.000,0.000,0.000,0.000,0.000,0.000,0.000,0.000,0.000,0.000
0.000,0.000,0.000,0.000,0.000,0.000,0.000,0.000,0.000,0.000
0.000,0.000,0.000,0.000,0.000,0.000,0.000,0.000,0.000,0.000
0.000,0.000,0.000,0.000,0.000,0.000,0.000,0.000,0.000,0.000
0.000,0.000,0.000,0.000,0.000,0.000,0.000,0.000,0.000,0.000
0.000,0.000,0.000,0.000,0.000,0.000,0.000,0.000,0.000,0.000
0.000,0.000,0.000,0.000,0.000,0.000,0.000,0.000,0.000,0.000
0.000,0.000,0.000,0.000,0.000,0.000,0.000,0.000,0.000,0.000
0.000,0.000,0.000,0.000,0.000,0.000,0.000,0.000,0.000,0.000
0.000,0.000,0.000,0.000,0.000,0.000,0.000,0.000,0.000,0.000
0.000,0.000,0.000,0.000,0.000,0.000,0.000,0.000,0.000,0.000
0.000,0.000,0.000,0.000,0.000,0.000,0.000,0.000,0.000,0.000
0.000,0.000,0.000,0.000,0.000,0.000,0.000,0.000,0.000,0.000
0.000,0.000,0.000,0.000,0.000,0.000,0.000,0.000,0.000,0.000
0.000,0.000,0.000,0.000,0.000,0.000,0.000,0.000,0.000,0.000
0.000,0.000,0.000,0.000,0.000,0.000,0.000,0.000,0.000,0.000
0.000,0.000,0.000,0.000,0.000,0.000,0.000,0.000,0.000,0.000
