9511,10318,163426,76,2195
16695,18111,286846,134,3853
2028,2193,14919,19,600
8,8,19,1,1
4121,8118,12129,1115,196171487
56,-62,-55,-57,-58
18500,18800,290000,240000,1000
15000,16000,282000,0,1234567
2200,2400,15900,-100,1094419572
1800,2000,13900,1068419130,1094419572
10,10,22,23967,128
6,6,18,9000000,128
100,0,0,0,0
0,-100,-100,100,1767078966
4003,8000,12000,1058,10050
5,5,19,17552,1118742
5,0,0,1068675778,32
0,5,21,0,1
4075,8075,12075,0,0

57,-60,-65,-77
65,-64,-78,-50
90,-70,-55,-53
64,-72,-71,-59
43,-70,-59,-69
63,-63,-57,-52
53,-77,-47,-47
55,-64,-98,-62
49,-61,-67,-46
61,-52,-32,-35
67,-71,-71,-47
67,-54,-67,-71
41,-32,-25,-62
38,-38,-50,-49
66,-70,-87,-57
54,-64,-62,-52
66,-67,-43,-65
51,-71,-67,-50
77,-81,-62,-65
62,-65,-51,-68
41,-57,-57,-64
50,-63,-76,-57
70,-77,-42,-62
52,-81,-29,-53
61,-67,-33,-49
63,-69,-34,-53
68,-60,-42,-51
62,-58,-48,-66
42,-57,-37,-72
58,-75,-49,-45
66,-86,-68,-57
61,-83,-42,-65
52,-41,92,-65
62,58,518,-66
66,301,1530,-67
74,688,3231,-70
154,1178,5284,-58
380,1640,7340,-57
785,1983,9204,-72
1230,2131,10818,-84
1652,2044,12005,-61
1978,1778,12916,-50
2084,1437,13531,-50
1991,1084,13952,-63
1718,806,14254,-53
1408,557,14468,-43
1129,382,14615,-62
821,257,14713,-73
594,160,14797,-62
433,84,14843,-55
327,16,14864,-42
245,7,14791,-53
159,-3,14355,-56
131,-34,13374,-38
113,-38,11742,-57
100,-38,9736,-67
70,-28,7718,-71
68,-28,5809,-54
88,-43,4279,-67
82,-52,3032,-74
70,-42,2157,-71
75,-47,1503,-53
89,-61,1023,-52
74,-67,730,-62
70,-83,478,-63
66,-91,311,-55
63,-94,184,-57
54,-71,122,-67
37,-62,99,-64
46,-61,46,-50
85,-58,29,-51
73,-44,31,-62
53,-38,26,-58
59,-56,-27,-59
78,-83,-68,-68
61,-86,-118,-68
51,-66,-160,-57
56,-83,-207,-40
59,-96,-235,-53
49,-105,-255,-80
35,-119,-308,-75
39,-97,-280,-53
42,-106,-286,-57
14,-109,-307,-86
19,-87,-298,-73
29,-87,-309,-57
31,-85,-337,-68
30,-106,-386,-71
20,-100,-397,-48
24,-109,-463,-55
41,-114,-480,-56
47,-98,-473,-65


-69,-68,-68,-67,-69,-64,-59,-63
-59,-72,-51,-47,-57,-50,-50,-58
-57,-63,-55,-59,-77,-87,-51,-50
-41,-48,-39,-65,-72,-76,-53,-58
-54,-57,-44,-57,-42,-36,-31,-39
-66,-72,-52,-61,-53,-42,-32,-47
-76,-73,-61,-52,-52,-49,-46,-53
-57,-52,-54,-69,-75,-63,-39,-55
-62,-64,-55,-51,-67,-67,-61,-61
-64,-64,-53,-63,-68,-61,-50,-68
-60,-51,-36,-48,-49,-67,-40,-56
-57,-70,-56,-48,-51,-40,-33,-60
-66,-57,-64,-62,-75,-67,-646,987
-596,389,-413,542,-438,268,-201,-208
195,-110,-53,-264,77,-124,197,-127
-152,2,38,-194,9,-57,-131,-131


1.396,1.398,1.395,1.392,1.393,1.395,1.399,1.407,1.396,1.396
1.404,1.392,1.392,1.389,1.398,1.403,1.410,1.410,1.402,1.403
1.393,1.389,1.390,1.369,1.374,1.379,1.381,1.380,1.383,1.392
1.401,1.405,1.413,1.424,1.432,1.421,1.430,1.436,1.428,1.429
1.428,1.425,1.430,1.434,1.429,1.430,1.429,1.432,1.438,1.437
1.418,1.417,1.416,1.419,1.421,1.423,1.410,1.407,1.403,1.418
1.405,1.402,1.401,1.404,1.401,1.388,1.390,1.389,1.393,1.397
1.385,1.387,1.386,1.395,1.397,1.399,1.400,1.399,1.401,1.409
1.408,1.396,1.401,1.407,1.408,1.412,1.410,1.404,1.407,1.401
1.394,1.388,1.392,1.404,1.397,1.401,1.411,1.403,1.416,1.417
1.421,1.423,1.424,1.431,1.426,1.431,1.435,1.428,1.429,1.430
1.430,1.442,1.437,1.442,1.425,1.422,1.421,1.420,1.412,1.410
1.422,1.426,1.421,1.423,1.415,1.418,1.421,1.422,1.423,1.419
1.416,1.415,1.403,1.395,1.388,1.396,1.398,1.400,1.407,1.419
1.420,1.423,1.431,1.426,1.436,1.438,1.440,1.442,1.434,1.438
1.432,1.423,1.426,1.417,1.423,1.422,1.426,1.427,1.430,1.425
1.443,1.444,1.442,1.445,1.451,1.457,1.454,1.452,1.460,1.450
1.448,1.438,1.437,1.436,1.446,1.439,1.441,1.441,1.435,1.428
1.432,1.430,1.425,1.419,1.423,1.425,1.413,1.429,1.417,1.415
1.425,1.426,1.425,1.424,1.435,1.448,1.448,1.440,1.454,1.461
1.478,1.480,1.483,1.478,1.483,1.474,1.472,1.495,1.490,1.490
1.493,1.484,1.490,1.484,1.492,1.492,1.483,1.483,1.488,1.488
1.482,1.483,1.494,1.492,1.495,1.494,1.494,1.497,1.501,1.502
1.500,1.503,1.506,1.512,1.511,1.520,1.514,1.519,1.508,1.493
1.487,1.484,1.476,1.472,1.479,1.486,1.489,1.495,1.492,1.486
1.490,1.493,1.492,1.494,1.486,1.478,1.480,1.478,1.474,1.471
1.455,1.459,1.457,1.459,1.466,1.465,1.472,1.475,1.463,1.469
1.474,1.487,1.486,1.486,1.480,1.493,1.494,1.491,1.501,1.506
1.492,1.497,1.495,1.498,1.491,1.501,1.505,1.498,1.510,1.516
1.511,1.505,1.500,1.493,1.486,1.488,1.487,1.486,1.474,1.479
1.460,1.460,1.457,1.458,1.457,1.471,1.468,1.454,1.468,1.469
1.466,1.463,1.453,1.461,1.449,1.448,1.448,1.456,1.462,1.472
1.473,1.467,1.464,1.467,1.460,1.459,1.454,1.444,1.454,1.455
1.450,1.442,1.457,1.455,1.450,1.442,1.443,1.427,1.433,1.436
1.443,1.456,1.453,1.460,1.453,1.442,1.441,1.434,1.435,1.435
1.433,1.433,1.429,1.428,1.430,1.435,1.439,1.444,1.447,1.457
1.464,1.452,1.456,1.447,1.443,1.440,1.433,1.437,1.430,1.424
1.424,1.415,1.420,1.416,1.409,1.402,1.404,1.407,1.400,1.396
1.396,1.393,1.395,1.401,1.403,1.386,1.396,1.395,1.396,1.386
1.389,1.394,1.393,1.398,1.398,1.384,1.380,1.381,1.372,1.360
1.351,1.345,1.342,1.347,1.350,1.338,1.341,1.332,1.327,1.332
1.331,1.328,1.332,1.327,1.336,1.338,1.341,1.329,1.321,1.312
1.310,1.316,1.307,1.304,1.307,1.311,1.318,1.327,1.316,1.311
1.322,1.315,1.294,1.290,1.290,1.284,1.284,1.291,1.290,1.301
1.300,1.284,1.288,1.283,1.288,1.287,1.279,1.271,1.278,1.277
1.292,1.293,1.301,1.306,1.306,1.307,1.306,1.304,1.299,1.296
1.295,1.300,1.296,1.304,1.301,1.300,1.297,1.286,1.288,1.296
1.292,1.292,1.282,1.289,1.291,1.293,1.285,1.287,1.292,1.303
1.305,1.309,1.305,1.301,1.294,1.296,1.288,1.279,1.267,1.273
1.277,1.282,1.284,1.275,1.274,1.276,1.274,1.275,1.291,1.300
1.306,1.314,1.317,1.309,1.309,1.307,1.299,1.300,1.306,1.297
1.295,1.310,1.322,1.320,1.337,1.345,1.345,1.363,1.364,1.365
1.359,1.355,1.366,1.377,1.386,1.382,1.375,1.380,1.377,1.384
1.378,1.387,1.394,1.393,1.396,1.397,1.393,1.399,1.397,1.385
1.386,1.387,1.383,1.376,1.368,1.377,1.382,1.388,1.375,1.382
1.384,1.384,1.371,1.373,1.371,1.370,1.364,1.361,1.363,1.364
1.357,1.357,1.356,1.350,1.355,1.360,1.362,1.365,1.372,1.370
1.381,1.388,1.402,1.392,1.394,1.391,1.386,1.386,1.382,1.369
1.371,1.367,1.360,1.357,1.357,1.364,1.362,1.363,1.377,1.374
1.366,1.379,1.379,1.374,1.385,1.387,1.394,1.397,1.384,1.373
1.369,1.362,1.351,1.351,1.351,1.349,1.350,1.355,1.346,1.351
1.343,1.336,1.325,1.331,1.307,1.297,1.297,1.284,1.283,1.285
1.288,1.291,1.286,1.279,1.278,1.283,1.285,1.277,1.277,1.273
1.269,1.266,1.265,1.266,1.275,1.275,1.278,1.270,1.272,1.270
1.266,1.282,1.282,1.296,1.297,1.293,1.295,1.300,1.312,1.308
1.294,1.287,1.292,1.292,1.296,1.302,1.301,1.303,1.306,1.304
1.298,1.303,1.300,1.302,1.297,1.301,1.300,1.304,1.308,1.298
1.289,1.283,1.280,1.282,1.277,1.273,1.294,1.286,1.287,1.289
1.289,1.300,1.309,1.311,1.314,1.308,1.312,1.318,1.311,1.316
1.316,1.299,1.302,1.314,1.308,1.310,1.310,1.324,1.328,1.334
1.328,1.329,1.334,1.340,1.336,1.339,1.340,1.339,1.351,1.353
1.354,1.342,1.341,1.331,1.329,1.339,1.338,1.343,1.347,1.347
1.354,1.352,1.351,1.363,1.369,1.367,1.372,1.373,1.379,1.390
1.392,1.394,1.401,1.405,1.402,1.402,1.399,1.397,1.406,1.407
1.406,1.408,1.415,1.414,1.416,1.414,1.417,1.413,1.412,1.414
1.416,1.423,1.423,1.421,1.418,1.411,1.415,1.420,1.419,1.414
1.421,1.419,1.423,1.426,1.424,1.419,1.422,1.419,1.425,1.436
1.434,1.432,1.431,1.441,1.457,1.459,1.441,1.451,1.445,1.450
1.463,1.460,1.461,1.469,1.465,1.471,1.466,1.468,1.465,1.467
1.467,1.475,1.475,1.476,1.487,1.481,1.476,1.459,1.449,1.444
1.447,1.445,1.454,1.452,1.460,1.461,1.460,1.448,1.447,1.439
1.439,1.452,1.455,1.467,1.468,1.457,1.464,1.457,1.464,1.459
1.450,1.450,1.447,1.438,1.426,1.421,1.418,1.416,1.411,1.404
1.405,1.402,1.395,1.399,1.393,1.399,1.397,1.401,1.395,1.406
1.407,1.389,1.389,1.373,1.375,1.374,1.376,1.385,1.385,1.385
1.392,1.396,1.401,1.406,1.406,1.403,1.402,1.398,1.401,1.412
1.407,1.401,1.401,1.398,1.406,1.415,1.413,1.407,1.401,1.390
1.386,1.390,1.387,1.374,1.368,1.366,1.376,1.370,1.375,1.371
1.372,1.363,1.356,1.345,1.352,1.343,1.340,1.354,1.360,1.355
1.360,1.352,1.350,1.352,1.341,1.355,1.353,1.352,1.362,1.356
1.364,1.371,1.371,1.374,1.367,1.363,1.383,1.393,1.381,1.378
1.383,1.371,1.362,1.361,1.367,1.378,1.376,1.378,1.376,1.371
1.370,1.369,1.371,1.362,1.361,1.363,1.360,1.361,1.367,1.358
1.353,1.354,1.353,1.357,1.360,1.360,1.367,1.365,1.375,1.369
1.366,1.382,1.376,1.380,1.378,1.370,1.368,1.365,1.365,1.371
1.359,1.361,1.368,1.363,1.364,1.367,1.367,1.372,1.367,1.356
1.371,1.378,1.382,1.386,1.376,1.368,1.376,1.380,1.376,1.387
1.393,1.383,1.385,1.389,1.384,1.383,1.380,1.377,1.382,1.384
1.376,1.374,1.378,1.395,1.395,1.398,1.409,1.384,1.386,1.378
1.372,1.383,1.377,1.372,1.360,1.343,1.358,1.358,1.361,1.365
