9615,10536,162054,141,925
24038,26342,405137,353,2313
3571,3834,25742,31,218
6,7,16,1,1
4033,8033,12039,1153,52217464
4,-1,-15,3,-2
27000,29000,450000,420000,100
20000,22000,350000,40,1234567
3800,4300,29000,-40,-1182450701
2800,3300,25000,1077040728,-1182450701
9,9,18,69663,1024
5,5,14,9000000,192
40,40,40,0,0
-40,-40,-40,100,1784726514
4000,8000,12000,1100,10051
4,4,16,25000,110
6,0,0,0,32
0,6,16,0,1
3990,7990,11990,0,0

31,-38,-59,40
13,-36,-35,39
-10,10,1,6
-13,25,27,-22
-33,50,39,-14
-1,29,9,-9
10,-22,5,-9
14,-34,-34,9
17,-41,-39,32
32,-29,-34,30
15,28,-26,18
2,18,12,-20
-9,38,11,-43
-15,31,30,-17
20,-2,3,10
-2,1,-18,3
18,-16,-36,22
25,-32,-18,23
16,2,-28,22
4,12,6,-23
-28,64,6,-13
-28,45,-14,-5
7,42,6,-15
34,-35,-44,-3
-25,19,-28,19
6,-23,23,38
-2,-57,-75,17
-21,33,20,-17
52,-51,-101,-20
-68,31,-141,-6
37,-12,-25,-8
-43,73,92,16
43,26,101,33
55,62,142,9
131,115,637,14
502,619,2862,-11
1366,1442,6396,-7
2204,2579,10523,-13
3151,3450,14486,-2
3575,3833,17954,6
3442,3671,20653,8
3053,3191,22970,23
2488,2482,24237,4
1670,1933,25002,8
1245,1241,25495,-16
613,894,25727,-9
365,460,25614,-25
112,246,25484,-2
14,7,25257,15
-45,-85,25330,34
26,-152,24788,19
-38,-73,22764,-27
-5,-63,19271,-27
-108,-47,14968,-3
-166,-82,10674,1
-205,-114,7001,17
-169,-140,3963,2
-101,-124,1857,2
6,-95,469,-17
-8,-94,-296,6
20,-26,-746,-22
-32,-29,-1018,3
-55,-1,-1109,-24
-26,-58,-1241,11
-118,-33,-1319,14
-80,-115,-1515,20
-129,-97,-1497,27
-109,-105,-1538,-21
-62,-71,-1301,-14
-19,-76,-1181,-2
-52,-56,-975,-19
-27,-116,-1087,-10
-106,-119,-1083,14
-87,-154,-1303,26
-118,-112,-1373,21
-121,-95,-1533,6
-150,-92,-1599,-17
-133,-92,-1621,-6
-116,-81,-1603,-20
-42,-114,-1541,-2
-42,-127,-1490,10
-43,-153,-1482,26
-71,-156,-1521,30
-123,-126,-1608,11
-148,-89,-1751,5
-150,-66,-1835,4
-111,-66,-1777,-29
-69,-92,-1754,-11
-56,-102,-1663,1
-12,-148,-1647,10
-46,-144,-1548,26
-56,-87,-1500,27


27,-12,-18,-38,-14,1,3,28
1,17,-18,-19,-6,-8,29,14
30,-26,-27,-38,-6,16,19,22
-23,-20,-46,-24,-25,3,14,23
30,-10,-20,-42,-12,-8,13,39
20,11,-20,-28,-7,5,6,28
17,-10,-2,-29,-19,-10,26,23
16,11,-8,-9,-9,-10,1,10
17,5,-12,-33,-22,-1,1,31
18,2,-31,-17,-12,-19,7,-2
18,17,6,-25,-31,-14,-14,-6
2,5,-23,4,2,17,32,25
-39,-91,-79,-36,21,63,91,137
89,-2,-164,-200,-162,16,134,216
195,78,-40,-181,-225,-199,-76,106
206,238,117,-27,-153,-200,-147,-24


0.000,0.022,0.040,0.071,0.094,0.122,0.156,0.177,0.202,0.226
0.247,0.276,0.299,0.328,0.360,0.380,0.408,0.425,0.448,0.471
0.501,0.536,0.556,0.638,0.670,0.697,0.719,0.763,0.788,0.813
0.836,0.861,0.887,0.942,0.975,1.005,1.043,1.060,1.086,1.108
1.179,1.205,1.232,1.260,1.358,1.379,1.400,1.422,1.456,1.483
1.506,1.528,1.545,1.576,1.601,1.629,1.656,1.673,1.697,1.716
1.743,1.769,1.790,1.820,1.839,1.857,1.892,1.914,1.959,1.977
2.011,2.030,2.056,2.079,2.103,2.135,2.162,2.197,2.215,2.231
2.260,2.281,2.299,2.323,2.350,2.376,2.411,2.435,2.456,2.477
2.510,2.531,2.559,2.591,2.619,2.641,2.659,2.682,2.703,2.726
2.758,2.760,2.770,2.773,2.789,2.790,2.786,2.784,2.787,0.000
0.000,0.000,0.000,0.000,0.000,0.000,0.000,0.000,0.000,0.000
0.000,0.000,0.000,0.000,0.000,0.000,0.000,0.000,0.000,0.000
0.000,0.000,0.000,0.000,0.000,0.000,0.000,0.000,0.000,0.000
0.000,0.000,0.000,0.000,0.000,0.000,0.000,0.000,0.000,0.000
0.000,0.000,0.000,0.000,0.000,0.000,0.000,0.000,0.000,0.000
0.000,0.000,0.000,0.000,0.000,0.000,0.000,0.000,0.000,0.000
0.000,0.000,0.000,0.000,0.000,0.000,0.000,0.000,0.000,0.000
0.000,0.000,0.000,0.000,0.000,0.000,0.000,0.000,0.000,0.000
0.000,0.000,0.000,0.000,0.000,0.000,0.000,0.000,0.000,0.000
0.000,0.000,0.000,0.000,0.000,0.000,0.000,0.000,0.000,0.000
0.000,0.000,0.000,0.000,0.000,0.000,0.000,0.000,0.000,0.000
0.000,0.000,0.000,0.000,0.000,0.000,0.000,0.000,0.000,0.000
0.000,0.000,0.000,0.000,0.000,0.000,0.000,0.000,0.000,0.000
0.000,0.000,0.000,0.000,0.000,0.000,0.000,0.000,0.000,0.000
0.000,0.000,0.000,0.000,0.000,0.000,0.000,0.000,0.000,0.000
0.000,0.000,0.000,0.000,0.000,0.000,0.000,0.000,0.000,0.000
0.000,0.000,0.000,0.000,0.000,0.000,0.000,0.000,0.000,0.000
0.000,0.000,0.000,0.000,0.000,0.000,0.000,0.000,0.000,0.000
0.000,0.000,0.000,0.000,0.000,0.000,0.000,0.000,0.000,0.000
0.000,0.000,0.000,0.000,0.000,0.000,0.000,0.000,0.000,0.000
0.000,0.000,0.000,0.000,0.000,0.000,0.000,0.000,0.000,0.000
0.000,0.000,0.000,0.000,0.000,0.000,0.000,0.000,0.000,0.000
0.000,0.000,0.000,0.000,0.000,0.000,0.000,0.000,0.000,0.000
0.000,0.000,0.000,0.000,0.000,0.000,0.000,0.000,0.000,0.000
0.000,0.000,0.000,0.000,0.000,0.000,0.000,0.000,0.000,0.000
0.000,0.000,0.000,0.000,0.000,0.000,0.000,0.000,0.000,0.000
0.000,0.000,0.000,0.000,0.000,0.000,0.000,0.000,0.000,0.000
0.000,0.000,0.000,0.000,0.000,0.000,0.000,0.000,0.000,0.000
0.000,0.000,0.000,0.000,0.000,0.000,0.000,0.000,0.000,0.000
0.000,0.000,0.000,0.000,0.000,0.000,0.000,0.000,0.000,0.000
0.000,0.000,0.000,0.000,0.000,0.000,0.000,0.000,0.000,0.000
0.000,0.000,0.000,0.000,0.000,0.000,0.000,0.000,0.000,0.000
0.000,0.000,0.000,0.000,0.000,0.000,0.000,0.000,0.000,0.000
0.000,0.000,0.000,0.000,0.000,0.000,0.000,0.000,0.000,0.000
0.000,0.000,0.000,0.000,0.000,0.000,0.000,0.000,0.000,0.000
0.000,0.000,0.000,0.000,0.000,0.000,0.000,0.000,0.000,0.000
0.000,0.000,0.000,0.000,0.000,0.000,0.000,0.000,0.000,0.000
0.000,0.000,0.000,0.000,0.000,0.000,0.000,0.000,0.000,0.000
0.000,0.000,0.000,0.000,0.000,0.000,0.000,0.000,0.000,0.000
0.000,0.000,0.000,0.000,0.000,0.000,0.000,0.000,0.000,0.000
0.000,0.000,0.000,0.000,0.000,0.000,0.000,0.000,0.000,0.000
0.000,0.000,0.000,0.000,0.000,0.000,0.000,0.000,0.000,0.000
0.000,0.000,0.000,0.000,0.000,0.000,0.000,0.000,0.000,0.000
0.000,0.000,0.000,0.000,0.000,0.000,0.000,0.000,0.000,0.000
0.000,0.000,0.000,0.000,0.000,0.000,0.000,0.000,0.000,0.000
0.000,0.000,0.000,0.000,0.000,0.000,0.000,0.000,0.000,0.000
0.000,0.000,0.000,0.000,0.000,0.000,0.000,0.000,0.000,0.000
0.000,0.000,0.000,0.000,0.000,0.000,0.000,0.000,0.000,0.000
0.000,0.000,0.000,0.000,0.000,0.000,0.000,0.000,0.000,0.000
0.000,0.000,0.000,0.000,0.000,0.000,0.000,0.000,0.000,0.000
0.000,0.000,0.000,0.000,0.000,0.000,0.000,0.000,0.000,0.000
0.000,0.000,0.000,0.000,0.000,0.000,0.000,0.000,0.000,0.000
0.000,0.000,0.000,0.000,0.000,0.000,0.000,0.000,0.000,0.000
0.000,0.000,0.000,0.000,0.000,0.000,0.000,0.000,0.000,0.000
0.000,0.000,0.000,0.000,0.000,0.000,0.000,0.000,0.000,0.000
0.000,0.000,0.000,0.000,0.000,0.000,0.000,0.000,0.000,0.000
0.000,0.000,0.000,0.000,0.000,0.000,0.000,0.000,0.000,0.000
0.000,0.000,0.000,0.000,0.000,0.000,0.000,0.000,0.000,0.000
0.000,0.000,0.000,0.000,0.000,0.000,0.000,0.000,0.000,0.000
0.000,0.000,0.000,0.000,0.000,0.000,0.000,0.000,0.000,0.000
0.000,0.000,0.000,0.000,0.000,0.000,0.000,0.000,0.000,0.000
0.000,0.000,0.000,0.000,0.000,0.000,0.000,0.000,0.000,0.000
0.000,0.000,0.000,0.000,0.000,0.000,0.000,0.000,0.000,0.000
0.000,0.000,0.000,0.000,0.000,0.000,0.000,0.000,0.000,0.000
0.000,0.000,0.000,0.000,0.000,0.000,0.000,0.000,0.000,0.000
0.000,0.000,0.000,0.000,0.000,0.000,0.000,0.000,0.000,0.000
0.000,0.000,0.000,0.000,0.000,0.000,0.000,0.000,0.000,0.000
0.000,0.000,0.000,0.000,0.000,0.000,0.000,0.000,0.000,0.000
0.000,0.000,0.000,0.000,0.000,0.000,0.000,0.000,0.000,0.000
0.000,0.000,0.000,0.000,0.000,0.000,0.000,0.000,0.000,0.000
0.000,0.000,0.000,0.000,0.000,0.000,0.000,0.000,0.000,0.000
0.000,0.000,0.000,0.000,0.000,0.000,0.000,0.000,0.000,0.000
0.000,0.000,0.000,0.000,0.000,0.000,0.000,0.000,0.000,0.000
0.000,0.000,0.000,0.000,0.000,0.000,0.000,0.000,0.000,0.000
0.000,0.000,0.000,0.000,0.000,0.000,0.000,0.000,0.000,0.000
0.000,0.000,0.000,0.000,0.000,0.000,0.000,0.000,0.000,0.000
0.000,0.000,0.000,0.000,0.000,0.000,0.000,0.000,0.000,0.000
0.000,0.000,0.000,0.000,0.000,0.000,0.000,0.000,0.000,0.000
0.000,0.000,0.000,0.000,0.000,0.000,0.000,0.000,0.000,0.000
0.000,0.000,0.000,0.000,0.000,0.000,0.000,0.000,0.000,0.000
0.000,0.000,0.000,0.000,0.000,0.000,0.000,0.000,0.000,0.000
0.000,0.000,0.000,0.000,0.000,0.000,0.000,0.000,0.000,0.000
0.000,0.000,0.000,0.000,0.000,0.000,0.000,0.000,0.000,0.000
0.000,0.000,0.000,0.000,0.000,0.000,0.000,0.000,0.000,0.000
0.000,0.000,0.000,0.000,0.000,0.000,0.000,0.000,0.000,0.000
0.000,0.000,0.000,0.000,0.000,0.000,0.000,0.000,0.000,0.000
0.000,0.000,0.000,0.000,0.000,0.000,0.000,0.000,0.000,0.000
0.000,0.000,0.000,0.000,0.000,0.000,0.000,0.000,0.000,0.000
0.000,0.000,0.000,0.000,0.000,0.000,0.000,0.000,0.000,0.000
