9562,10423,163221,101,937
16784,18296,286486,179,1646
2041,2186,14910,23,105
8,8,19,1,1
4121,8118,12128,1096,167803605
60,-66,-53,-57,-57
18500,18800,290000,240000,1000
15000,16000,282000,0,1234567
2200,2400,15900,-100,1094419572
1800,2000,13900,1068170607,1094419572
10,10,22,23447,128
6,6,18,9000000,128
100,0,0,0,0
0,-100,-100,100,1766381235
4003,8000,12000,1058,10050
5,5,19,17552,418335
5,0,0,0,32
0,5,21,0,1
4075,8075,12075,0,0

58,-77,-48,-57
41,-73,-59,-65
67,-76,-43,-47
68,-95,-78,-64
77,-77,-52,-68
46,-44,-25,-57
66,-60,-11,-39
70,-80,-104,-54
66,-75,-80,-48
60,-31,-25,-48
68,-51,-69,-44
84,-73,-88,-48
78,-63,-42,-68
51,-54,-45,-62
76,-58,-55,-45
62,-56,-44,-57
68,-66,-55,-62
49,-63,-62,-71
56,-80,-43,-59
67,-69,-45,-65
51,-64,-62,-62
42,-50,-64,-85
64,-54,-38,-74
65,-84,-39,-61
53,-77,-63,-62
60,-52,-34,-59
68,-67,-31,-51
71,-84,-65,-59
58,-86,-70,-78
43,-59,-41,-82
54,-57,-74,-53
72,-65,-84,-58
74,-38,40,-63
74,57,509,-53
53,301,1531,-34
75,712,3255,-46
186,1144,5289,-62
384,1644,7371,-60
787,2000,9239,-50
1244,2120,10832,-45
1673,2060,12014,-59
1994,1790,12907,-66
2101,1445,13524,-57
1992,1094,13953,-60
1722,769,14245,-67
1379,557,14445,-58
1095,379,14612,-59
815,242,14715,-70
610,157,14790,-77
427,105,14857,-66
334,52,14846,-58
257,2,14773,-70
189,-16,14313,-61
151,-35,13331,-58
129,-38,11723,-48
121,-44,9704,-57
92,-40,7705,-64
68,-25,5799,-68
93,-29,4252,-63
100,-48,3017,-51
77,-44,2135,-55
76,-45,1497,-51
89,-74,1015,-41
84,-69,700,-46
94,-79,464,-44
60,-54,311,-52
50,-68,198,-44
57,-88,120,-56
57,-63,86,-62
22,-51,72,-66
56,-37,59,-35
56,-50,39,-64
68,-69,10,-67
73,-54,-37,-78
63,-79,-80,-53
82,-89,-116,-63
45,-82,-179,-56
33,-92,-202,-67
58,-103,-252,-53
66,-94,-286,-59
41,-100,-332,-62
55,-78,-288,-60
46,-88,-299,-65
43,-90,-323,-62
44,-78,-320,-56
38,-67,-309,-58
37,-76,-364,-49
44,-89,-406,-57
45,-101,-420,-64
35,-86,-447,-62
29,-110,-474,-50
44,-118,-486,-49


-63,-62,-40,-63,-63,-61,-65,-70
-65,-69,-56,-64,-56,-65,-63,-76
-79,-52,-41,-57,-65,-41,-44,-64
-76,-67,-53,-43,-68,-71,-70,-66
-67,-67,-41,-51,-61,-43,-49,-62
-85,-63,-58,-66,-80,-75,-54,-51
-53,-62,-58,-61,-53,-67,-47,-71
-83,-67,-50,-64,-71,-75,-52,-55
-63,-73,-44,-33,-60,-66,-58,-51
-60,-42,-49,-54,-66,-56,-56,-56
-76,-64,-81,-94,-99,-94,-51,-26
-70,-73,-34,-44,-62,-51,18,-1093
-614,-539,-589,-445,-122,177,175,-74
-103,-68,80,5,-188,-315,-53,48
21,-119,-213,-60,19,-90,25,-58
-112,-107,-81,-93,-54,44,55,55


0.000,1.339,1.339,1.339,1.351,1.352,1.355,1.363,1.357,1.363
1.368,1.368,1.368,1.364,1.366,1.365,1.365,1.361,1.361,1.365
1.362,1.354,1.353,1.359,1.355,1.357,1.332,1.343,1.339,1.333
1.328,1.335,1.334,1.337,1.337,1.338,1.339,1.352,1.348,1.352
1.359,1.357,1.352,1.351,1.356,1.360,1.356,1.361,1.362,1.357
1.354,1.356,1.356,1.356,1.358,1.352,1.354,1.358,1.364,1.350
1.364,1.355,1.351,1.341,1.333,1.332,1.330,1.335,1.336,1.339
1.341,1.336,0.000,0.000,0.000,0.000,0.000,0.000,0.000,0.000
0.000,0.000,0.000,0.000,0.000,0.000,0.000,0.000,0.000,0.000
0.000,0.000,0.000,0.000,0.000,0.000,0.000,0.000,0.000,0.000
0.000,0.000,0.000,0.000,0.000,0.000,0.000,0.000,0.000,0.000
0.000,0.000,0.000,0.000,0.000,0.000,0.000,0.000,0.000,0.000
0.000,0.000,0.000,0.000,0.000,0.000,0.000,0.000,0.000,0.000
0.000,0.000,0.000,0.000,0.000,0.000,0.000,0.000,0.000,0.000
0.000,0.000,0.000,0.000,0.000,0.000,0.000,0.000,0.000,0.000
0.000,0.000,0.000,0.000,0.000,0.000,0.000,0.000,0.000,0.000
0.000,0.000,0.000,0.000,0.000,0.000,0.000,0.000,0.000,0.000
0.000,0.000,0.000,0.000,0.000,0.000,0.000,0.000,0.000,0.000
0.000,0.000,0.000,0.000,0.000,0.000,0.000,0.000,0.000,0.000
0.000,0.000,0.000,0.000,0.000,0.000,0.000,0.000,0.000,0.000
0.000,0.000,0.000,0.000,0.000,0.000,0.000,0.000,0.000,0.000
0.000,0.000,0.000,0.000,0.000,0.000,0.000,0.000,0.000,0.000
0.000,0.000,0.000,0.000,0.000,0.000,0.000,0.000,0.000,0.000
0.000,0.000,0.000,0.000,0.000,0.000,0.000,0.000,0.000,0.000
0.000,0.000,0.000,0.000,0.000,0.000,0.000,0.000,0.000,0.000
0.000,0.000,0.000,0.000,0.000,0.000,0.000,0.000,0.000,0.000
0.000,0.000,0.000,0.000,0.000,0.000,0.000,0.000,0.000,0.000
0.000,0.000,0.000,0.000,0.000,0.000,0.000,0.000,0.000,0.000
0.000,0.000,0.000,0.000,0.000,0.000,0.000,0.000,0.000,0.000
0.000,0.000,0.000,0.000,0.000,0.000,0.000,0.000,0.000,0.000
0.000,0.000,0.000,0.000,0.000,0.000,0.000,0.000,0.000,0.000
0.000,0.000,0.000,0.000,0.000,0.000,0.000,0.000,0.000,0.000
0.000,0.000,0.000,0.000,0.000,0.000,0.000,0.000,0.000,0.000
0.000,0.000,0.000,0.000,0.000,0.000,0.000,0.000,0.000,0.000
0.000,0.000,0.000,0.000,0.000,0.000,0.000,0.000,0.000,0.000
0.000,0.000,0.000,0.000,0.000,0.000,0.000,0.000,0.000,0.000
0.000,0.000,0.000,0.000,0.000,0.000,0.000,0.000,0.000,0.000
0.000,0.000,0.000,0.000,0.000,0.000,0.000,0.000,0.000,0.000
0.000,0.000,0.000,0.000,0.000,0.000,0.000,0.000,0.000,0.000
0.000,0.000,0.000,0.000,0.000,0.000,0.000,0.000,0.000,0.000
0.000,0.000,0.000,0.000,0.000,0.000,0.000,0.000,0.000,0.000
0.000,0.000,0.000,0.000,0.000,0.000,0.000,0.000,0.000,0.000
0.000,0.000,0.000,0.000,0.000,0.000,0.000,0.000,0.000,0.000
0.000,0.000,0.000,0.000,0.000,0.000,0.000,0.000,0.000,0.000
0.000,0.000,0.000,0.000,0.000,0.000,0.000,0.000,0.000,0.000
0.000,0.000,0.000,0.000,0.000,0.000,0.000,0.000,0.000,0.000
0.000,0.000,0.000,0.000,0.000,0.000,0.000,0.000,0.000,0.000
0.000,0.000,0.000,0.000,0.000,0.000,0.000,0.000,0.000,0.000
0.000,0.000,0.000,0.000,0.000,0.000,0.000,0.000,0.000,0.000
0.000,0.000,0.000,0.000,0.000,0.000,0.000,0.000,0.000,0.000
0.000,0.000,0.000,0.000,0.000,0.000,0.000,0.000,0.000,0.000
0.000,0.000,0.000,0.000,0.000,0.000,0.000,0.000,0.000,0.000
0.000,0.000,0.000,0.000,0.000,0.000,0.000,0.000,0.000,0.000
0.000,0.000,0.000,0.000,0.000,0.000,0.000,0.000,0.000,0.000
0.000,0.000,0.000,0.000,0.000,0.000,0.000,0.000,0.000,0.000
0.000,0.000,0.000,0.000,0.000,0.000,0.000,0.000,0.000,0.000
0.000,0.000,0.000,0.000,0.000,0.000,0.000,0.000,0.000,0.000
0.000,0.000,0.000,0.000,0.000,0.000,0.000,0.000,0.000,0.000
0.000,0.000,0.000,0.000,0.000,0.000,0.000,0.000,0.000,0.000
0.000,0.000,0.000,0.000,0.000,0.000,0.000,0.000,0.000,0.000
0.000,0.000,0.000,0.000,0.000,0.000,0.000,0.000,0.000,0.000
0.000,0.000,0.000,0.000,0.000,0.000,0.000,0.000,0.000,0.000
0.000,0.000,0.000,0.000,0.000,0.000,0.000,0.000,0.000,0.000
0.000,0.000,0.000,0.000,0.000,0.000,0.000,0.000,0.000,0.000
0.000,0.000,0.000,0.000,0.000,0.000,0.000,0.000,0.000,0.000
0.000,0.000,0.000,0.000,0.000,0.000,0.000,0.000,0.000,0.000
0.000,0.000,0.000,0.000,0.000,0.000,0.000,0.000,0.000,0.000
0.000,0.000,0.000,0.000,0.000,0.000,0.000,0.000,0.000,0.000
0.000,0.000,0.000,0.000,0.000,0.000,0.000,0.000,0.000,0.000
0.000,0.000,0.000,0.000,0.000,0.000,0.000,0.000,0.000,0.000
0.000,0.000,0.000,0.000,0.000,0.000,0.000,0.000,0.000,0.000
0.000,0.000,0.000,0.000,0.000,0.000,0.000,0.000,0.000,0.000
0.000,0.000,0.000,0.000,0.000,0.000,0.000,0.000,0.000,0.000
0.000,0.000,0.000,0.000,0.000,0.000,0.000,0.000,0.000,0.000
0.000,0.000,0.000,0.000,0.000,0.000,0.000,0.000,0.000,0.000
0.000,0.000,0.000,0.000,0.000,0.000,0.000,0.000,0.000,0.000
0.000,0.000,0.000,0.000,0.000,0.000,0.000,0.000,0.000,0.000
0.000,0.000,0.000,0.000,0.000,0.000,0.000,0.000,0.000,0.000
0.000,0.000,0.000,0.000,0.000,0.000,0.000,0.000,0.000,0.000
0.000,0.000,0.000,0.000,0.000,0.000,0.000,0.000,0.000,0.000
0.000,0.000,0.000,0.000,0.000,0.000,0.000,0.000,0.000,0.000
0.000,0.000,0.000,0.000,0.000,0.000,0.000,0.000,0.000,0.000
0.000,0.000,0.000,0.000,0.000,0.000,0.000,0.000,0.000,0.000
0.000,0.000,0.000,0.000,0.000,0.000,0.000,0.000,0.000,0.000
0.000,0.000,0.000,0.000,0.000,0.000,0.000,0.000,0.000,0.000
0.000,0.000,0.000,0.000,0.000,0.000,0.000,0.000,0.000,0.000
0.000,0.000,0.000,0.000,0.000,0.000,0.000,0.000,0.000,0.000
0.000,0.000,0.000,0.000,0.000,0.000,0.000,0.000,0.000,0.000
0.000,0.000,0.000,0.000,0.000,0.000,0.000,0.000,0.000,0.000
0.000,0.000,0.000,0.000,0.000,0.000,0.000,0.000,0.000,0.000
0.000,0.000,0.000,0.000,0.000,0.000,0.000,0.000,0.000,0.000
0.000,0.000,0.000,0.000,0.000,0.000,0.000,0.000,0.000,0.000
0.000,0.000,0.000,0.000,0.000,0.000,0.000,0.000,0.000,0.000
0.000,0.000,0.000,0.000,0.000,0.000,0.000,0.000,0.000,0.000
0.000,0.000,0.000,0.000,0.000,0.000,0.000,0.000,0.000,0.000
0.000,0.000,0.000,0.000,0.000,0.000,0.000,0.000,0.000,0.000
0.000,0.000,0.000,0.000,0.000,0.000,0.000,0.000,0.000,0.000
0.000,0.000,0.000,0.000,0.000,0.000,0.000,0.000,0.000,0.000
0.000,0.000,0.000,0.000,0.000,0.000,0.000,0.000,0.000,0.000
0.000,0.000,0.000,0.000,0.000,0.000,0.000,0.000,0.000,0.000
