9997,10633,165373,110,3595
16496,17546,272867,182,5933
2047,2027,13519,22,252
8,8,20,2,1
4121,6119,8131,1496,184739514
65,-55,-54,-53,-109
18500,18800,277000,240000,1000
15000,16000,269000,0,1234567
2200,2200,14500,-100,-1320427068
1800,1800,12000,1070144382,-1320427068
10,10,22,25924,128
6,6,18,9000000,128
100,0,0,0,0
0,-100,-100,100,1765273663
4003,6000,8000,1450,10050
5,6,20,16500,82319
5,0,0,0,32
0,4,19,0,1
4075,6075,8075,0,0

82,-49,-52,-65
68,-57,-76,-62
72,-51,-61,-45
68,-50,-58,-62
66,-36,-50,-63
49,-41,-43,-60
83,-47,-29,-44
79,-40,-122,-60
52,-39,-41,-74
66,-32,-50,-69
78,-59,-100,-55
83,-63,-105,-57
102,-50,-28,-55
60,-33,-35,-55
70,-52,-60,-36
76,-66,-68,-46
81,-88,-66,-56
65,-80,-53,-43
51,-88,-40,-32
79,-81,-58,-55
54,-84,-61,-48
43,-59,-29,-52
51,-49,-47,-49
69,-52,-46,-54
59,-62,-45,-52
70,-56,-8,-48
72,-58,-38,-50
66,-68,-51,-72
53,-65,-68,-72
47,-38,-63,-64
50,-50,-72,-60
76,-73,-65,-61
67,-42,13,-73
52,22,276,-76
44,190,1148,-61
78,478,2589,-56
133,867,4442,-73
326,1263,6336,-58
677,1636,8090,-64
1159,1885,9564,-57
1616,1972,10713,-57
1956,1882,11579,-47
2112,1626,12163,-31
2024,1314,12573,-36
1799,987,12862,-47
1468,715,13065,-49
1139,504,13174,-38
862,317,13270,-44
629,194,13346,-52
445,137,13419,-58
332,87,13464,-48
247,30,13413,-56
200,2,13465,-79
127,11,13157,-69
112,-2,12324,-32
115,-28,10981,-49
98,-39,9140,-62
95,-21,7301,-65
96,-24,5559,-60
108,-30,4015,-69
88,-43,2864,-55
70,-41,2011,-57
74,-64,1366,-40
67,-65,947,-52
53,-68,631,-57
50,-38,445,-68
48,-57,262,-60
63,-70,236,-72
52,-44,143,-71
60,-36,98,-72
65,-63,111,-48
71,-89,41,-52
65,-82,10,-66
66,-66,-7,-61
79,-73,-59,-42
97,-83,-111,-50
78,-88,-173,-62
50,-80,-193,-53
47,-78,-235,-43
59,-87,-273,-31
45,-91,-225,-47
48,-82,-271,-55
28,-95,-283,-68
25,-121,-291,-67
29,-86,-285,-59
16,-82,-286,-54
21,-91,-308,-54
50,-98,-342,-60
39,-70,-368,-92
8,-78,-388,-70
30,-104,-442,-56
45,-116,-487,-63


-62,-68,-84,-82,-75,-74,-91,-75
-67,-72,-84,-87,-76,-83,-96,-80
-72,-85,-87,-94,-84,-95,-95,-97
-85,-96,-106,-112,-90,-98,-106,-100
-83,-108,-100,-97,-75,-93,-103,-113
-95,-103,-102,-114,-119,-112,-110,-88
-97,-108,-109,-119,-115,-113,-124,-117
-108,-117,-116,-117,-108,-107,-117,-117
-106,-104,-95,-94,-83,-104,-95,-115
-106,-113,-131,-129,-133,-155,-168,-145
-117,-122,-133,-110,-99,-103,-105,-97
-78,-83,-102,468,-923,-859,-736,-1274
-908,-73,-694,98,-40,-82,-259,357
-181,-346,55,-271,-502,143,90,-195
-119,118,-290,-129,-124,-292,-30,246
-172,-145,30,-222,-232,59,-133,-133
