9577,10281,162820,141,2369
16811,18046,285783,248,4159
2031,2193,14855,22,267
8,8,19,1,1
4121,8118,12129,1149,84338575
54,-55,-54,-57,-53
18500,18800,290000,240000,1000
15000,16000,282000,0,1234567
2200,2400,15900,-100,1094419572
1800,2000,13900,1068323544,1094419572
10,10,22,23767,128
6,6,18,9000000,128
100,0,0,0,0
0,-100,-100,100,1766380052
4003,8000,12000,1058,11049
5,5,19,17552,417148
5,0,0,1068536222,32
0,5,21,0,1
4075,8075,12075,0,0

68,-83,-68,-59
51,-71,-52,-70
47,-20,-50,-74
64,-76,-81,-69
70,-64,-73,-58
61,-46,-65,-56
31,-34,-29,-52
46,-74,-92,-37
61,-72,-86,-58
70,-29,-39,-54
49,-69,-53,-44
57,-46,-56,-34
82,-63,-33,-63
77,-55,-46,-82
55,-33,-61,-77
46,-53,-52,-53
63,-68,-40,-57
49,-74,-46,-65
57,-54,-31,-71
76,-48,-31,-56
71,-82,-57,-64
41,-38,-66,-63
42,-53,-11,-52
38,-79,-38,-41
63,-51,-73,-58
65,-70,-57,-59
47,-47,-26,-56
47,-47,-66,-42
64,-81,-94,-61
62,-54,-64,-68
54,-44,-43,-64
50,-68,-49,-40
68,-11,76,-50
70,66,512,-61
68,305,1529,-60
60,714,3251,-52
183,1176,5286,-61
390,1648,7353,-83
763,2010,9213,-69
1214,2138,10795,-47
1651,2041,11987,-56
1992,1772,12876,-62
2085,1450,13498,-58
1985,1096,13925,-51
1744,778,14205,-50
1419,525,14409,-56
1081,388,14564,-48
819,250,14665,-50
612,149,14734,-68
460,82,14790,-79
322,48,14801,-69
240,20,14716,-57
183,-12,14289,-44
145,-17,13294,-79
120,-6,11684,-72
95,-23,9698,-46
73,-24,7676,-64
72,-2,5786,-66
77,-24,4251,-62
78,-41,3012,-55
81,-62,2117,-65
77,-58,1470,-62
51,-56,1020,-69
72,-86,708,-47
76,-100,455,-51
67,-97,309,-51
53,-63,192,-66
54,-60,131,-66
71,-90,85,-69
38,-66,57,-68
39,-54,60,-53
51,-50,40,-37
69,-55,18,-38
80,-54,-27,-52
67,-59,-76,-45
61,-71,-113,-38
71,-107,-167,-66
52,-100,-201,-73
29,-91,-233,-74
31,-90,-268,-62
37,-98,-316,-48
38,-99,-275,-65
35,-55,-277,-57
43,-88,-304,-59
56,-92,-315,-50
43,-52,-303,-64
17,-77,-317,-48
33,-90,-375,-35
46,-84,-425,-53
31,-113,-456,-62
19,-67,-468,-56
25,-104,-499,-51


-52,-72,-1,-106,-59,-15,-126,-28
-67,-55,-26,-68,-55,-30,-47,-50
-38,-22,-86,-37,-63,-64,-76,-56
-41,-60,-75,-70,-79,-34,-62,-54
-9,-70,-55,-48,-58,-36,-64,-58
-7,-52,-57,-43,-38,-40,-48,-59
-43,-51,-40,-44,-43,-35,-59,-59
-59,-70,-64,-40,-23,-50,-62,-71
-57,-54,-70,-57,-42,-57,-67,-48
-36,-51,-72,-61,-72,-54,-61,-53
-60,-67,-83,-70,-60,-44,-63,-57
-42,-63,-51,-21,-249,303,-46,-723
432,-407,334,-141,-597,613,-681,359
105,-98,-92,-108,-171,100,98,-29
-178,-46,214,-239,-189,-143,-44,225
-430,73,43,-96,-193,13,44,44


1.379,1.361,1.358,1.358,1.356,1.356,1.358,1.350,1.353,1.359
1.369,1.361,1.341,1.341,1.347,1.347,1.356,1.350,1.350,1.359
1.376,1.376,1.379,1.374,1.374,1.380,1.372,1.372,1.373,1.373
1.373,1.373,1.380,1.380,1.382,1.383,1.374,1.373,1.368,1.360
1.360,1.364,1.355,1.346,1.346,1.336,1.336,1.345,1.343,1.347
1.334,1.334,1.338,1.338,1.329,1.326,1.331,1.342,1.342,1.346
1.346,1.349,1.344,1.344,1.337,1.337,1.339,1.339,1.342,1.342
1.343,1.351,1.351,1.347,1.347,1.351,1.351,1.351,1.351,1.361
1.361,1.365,1.365,1.365,1.369,1.369,1.365,1.365,1.372,1.368
1.348,1.348,1.353,1.360,1.360,1.360,1.358,1.355,1.344,1.351
1.351,1.350,1.350,1.356,1.354,1.354,1.359,1.368,1.368,1.362
1.362,1.371,1.371,1.378,1.362,1.362,1.366,1.366,1.360,1.360
1.363,1.365,1.358,1.358,1.358,1.358,1.360,1.355,1.366,1.352
1.353,1.353,1.347,1.347,1.353,1.353,1.352,1.352,1.356,1.353
1.353,1.361,1.361,1.364,1.364,1.379,1.393,1.393,1.396,1.397
1.395,1.394,1.394,1.395,1.386,1.378,1.381,1.381,1.382,1.382
1.383,1.376,1.376,1.372,1.372,1.363,1.356,1.356,1.359,1.362
1.362,1.359,1.359,1.357,1.360,1.370,1.370,1.363,1.357,1.360
1.360,1.359,1.363,1.363,1.363,1.363,1.359,1.362,1.356,1.356
1.361,1.358,1.357,1.357,1.347,1.351,1.351,1.359,1.359,1.356
1.359,1.359,1.361,1.362,1.364,1.349,1.349,1.339,1.347,1.347
1.347,1.347,1.353,1.351,1.351,1.343,1.341,1.342,1.342,1.342
1.342,1.338,1.338,1.330,1.331,1.331,1.318,1.318,1.309,1.318
1.324,1.324,1.330,1.321,1.321,1.322,1.322,1.333,1.333,1.334
1.334,1.331,1.331,1.324,1.325,1.325,1.318,1.318,1.309,1.309
1.311,1.311,1.313,1.317,1.317,1.309,1.309,1.310,1.309,1.296
1.287,1.287,1.291,1.291,1.287,1.293,1.293,1.293,1.293,1.302
1.302,1.303,1.303,1.303,1.303,1.292,1.289,1.280,1.280,1.296
1.302,1.303,1.303,1.301,1.293,1.293,1.298,1.298,1.287,1.284
1.273,1.269,1.269,1.269,1.271,1.279,1.278,1.293,1.299,1.299
1.319,1.319,1.325,1.324,1.318,1.318,1.323,1.323,1.320,1.324
1.326,1.326,1.321,1.321,1.315,1.316,1.315,1.315,1.314,1.314
1.305,1.306,1.317,1.330,1.330,1.330,1.330,1.330,1.323,1.320
1.318,1.319,1.319,1.309,1.309,1.319,1.322,1.325,1.323,1.311
1.311,1.306,1.306,1.305,1.307,1.299,1.292,1.292,1.298,1.298
1.296,1.295,1.294,1.292,1.289,1.291,1.302,1.300,1.299,1.292
1.287,1.287,1.294,1.294,1.292,1.294,1.294,1.302,1.304,1.304
1.317,1.316,1.308,1.313,1.319,1.319,1.317,1.317,1.303,1.303
1.307,1.307,1.315,1.312,1.312,1.313,1.324,1.326,1.326,1.322
1.322,1.319,1.330,1.328,1.328,1.328,1.336,1.336,1.343,1.341
1.335,1.329,1.326,1.320,1.320,1.320,1.338,1.341,1.341,1.341
1.341,1.326,1.317,1.319,1.319,1.319,1.328,1.328,1.326,1.320
1.322,1.322,1.332,1.332,1.326,1.331,1.343,1.338,1.338,1.335
1.335,1.328,1.348,1.350,1.350,1.349,1.349,1.329,1.329,1.326
1.320,1.320,1.332,1.334,1.346,1.347,1.340,1.338,1.341,1.346
1.346,1.354,1.354,1.346,1.343,1.343,1.351,1.351,1.349,1.331
1.344,1.333,1.338,1.338,1.349,1.349,1.347,1.351,1.347,1.347
1.335,1.335,1.338,1.330,1.330,1.328,1.328,1.341,1.345,1.342
1.339,1.341,1.341,1.343,1.346,1.348,1.348,1.349,1.346,1.347
1.343,1.339,1.341,1.341,1.342,1.339,1.348,1.348,1.342,1.337
1.337,1.338,1.338,1.337,1.336,1.336,1.337,1.331,1.334,1.336
1.327,1.318,1.313,1.311,1.306,1.301,1.301,1.299,1.297,1.290
1.282,1.283,1.294,1.288,1.282,1.289,1.284,1.277,1.290,1.294
1.292,1.294,1.285,1.293,1.299,1.281,1.287,1.286,1.284,1.289
1.291,1.291,1.282,1.301,1.299,1.305,1.300,1.301,1.291,1.277
1.277,1.280,1.274,1.253,1.240,1.238,1.239,1.242,1.242,1.254
1.248,1.253,1.252,1.244,1.241,1.242,1.239,1.234,1.236,1.244
1.243,1.235,1.235,1.239,1.228,1.240,1.248,1.235,1.239,1.246
1.256,1.257,1.257,1.268,1.271,1.260,1.266,1.265,1.262,1.260
1.252,1.246,1.248,1.252,1.247,1.252,1.254,1.252,1.252,1.248
1.249,1.248,1.249,1.252,1.248,1.251,1.246,1.246,1.239,1.234
1.243,1.247,1.245,1.244,1.250,1.243,1.242,1.248,1.247,1.247
1.250,1.250,1.246,1.256,1.263,1.251,1.248,1.250,1.260,1.262
1.259,1.250,1.252,1.252,1.246,1.253,1.253,1.245,1.236,1.244
1.250,1.247,1.252,1.246,1.243,1.235,1.235,1.221,1.228,1.221
1.217,1.219,1.228,1.223,1.231,1.233,1.242,1.240,1.259,1.271
1.274,1.263,1.254,1.265,1.260,1.253,1.264,1.272,1.274,1.275
1.284,1.281,1.271,1.271,1.276,1.273,1.265,1.269,1.259,1.249
1.253,1.251,1.248,1.246,1.244,1.234,1.226,1.221,1.220,1.211
1.216,1.218,1.223,1.228,1.237,1.232,1.236,1.245,1.240,1.248
1.247,1.242,1.247,1.249,1.248,1.243,1.249,1.243,1.257,1.263
1.272,1.267,1.261,1.265,1.275,1.272,1.284,1.288,1.286,1.286
1.293,1.287,1.289,1.287,1.282,1.269,1.268,1.270,1.269,1.269
1.267,1.275,1.271,1.273,1.290,1.316,1.310,1.309,1.314,1.316
1.312,1.313,1.303,1.304,1.301,1.309,1.318,1.307,1.308,1.307
1.312,1.307,1.302,1.309,1.304,1.309,1.313,1.327,1.302,1.285
1.286,1.298,1.314,1.307,1.310,1.313,1.308,1.312,1.307,1.311
1.325,1.314,1.317,1.314,1.317,1.320,1.320,1.314,1.317,1.319
1.316,1.309,1.307,1.308,1.313,1.318,1.328,1.335,1.342,1.349
1.345,1.355,1.354,1.349,1.340,1.339,1.333,1.332,1.340,1.333
1.329,1.331,1.331,1.327,1.324,1.337,1.333,1.341,1.332,1.330
1.329,1.328,1.327,1.326,1.317,1.320,1.314,1.313,1.313,1.311
1.302,1.305,1.309,1.325,1.324,1.331,1.333,1.336,1.344,1.336
1.335,1.331,1.332,1.329,1.319,1.296,1.305,1.308,1.310,1.305
1.309,1.321,1.322,1.322,1.329,1.341,1.337,1.344,1.336,1.346
1.343,1.348,1.347,1.339,1.337,1.327,1.317,1.310,1.313,1.314
1.315,1.310,1.293,1.286,1.282,1.279,1.273,1.267,1.269,1.265
1.246,1.253,1.257,1.266,1.264,1.263,1.276,1.283,1.284,1.285
1.293,1.302,1.300,1.304,1.305,1.304,1.291,1.288,1.283,1.281
1.281,1.298,1.294,1.302,1.300,1.304,1.304,1.296,1.286,1.293
1.292,1.293,1.293,1.303,1.300,1.294,1.300,1.299,1.300,1.301
1.300,1.295,1.297,1.299,1.307,1.319,1.325,1.321,1.328,1.329
1.332,1.335,1.341,1.333,1.326,1.326,1.339,1.336,1.334,1.327
1.324,1.320,1.322,1.324,1.332,1.340,1.335,1.346,1.347,1.347
1.336,1.339,1.337,1.345,1.343,1.331,1.336,1.339,1.342,1.330
1.332,1.339,1.341,1.341,1.354,1.359,1.354,1.347,1.347,1.348
1.340,1.329,1.329,1.343,1.337,1.333,1.341,1.349,1.349,1.349
1.351,1.358,1.360,1.357,1.361,1.361,1.352,1.342,1.346,1.347
1.346,1.339,1.337,1.327,1.322,1.322,1.329,1.333,1.340,1.352
1.350,1.334,1.339,1.336,1.335,1.336,1.340,1.348,1.358,1.354
