10169,10655,164574,129,0
16780,17581,271548,213,0
2043,2041,13440,34,0
8,8,20,1,0
4121,6119,8130,1489,0
62,-66,-58,-57,0
18500,18800,277000,240000,1000
15000,16000,269000,0,1234567
2200,2200,14500,-100,-1320427068
1800,1800,12000,1069931362,-1320427068
10,10,22,25505,0
6,6,18,9000000,2048
100,0,0,0,0
0,-100,-100,100,1765277632
4003,6000,8000,1450,10050
5,6,20,16500,86303
5,0,0,1069517016,32
0,4,19,0,1
4075,6075,8075,0,0

70,-84,-85,-36
71,-94,-89,-68
65,-75,-52,-57
35,-76,-49,-71
68,-70,-69,-67
57,-100,-74,-78
63,-88,-14,-85
70,-93,-101,-51
70,-76,-54,-88
63,-78,-23,-87
83,-73,-53,-70
58,-76,-77,-67
81,-72,-51,-72
77,-64,-73,-69
65,-48,-56,-54
65,-62,-57,-31
80,-68,-68,-30
68,-53,-62,-46
49,-44,-32,-55
53,-55,-63,-42
70,-66,-67,-35
64,-50,-60,-76
51,-46,-42,-36
54,-52,-62,-43
62,-51,-60,-61
66,-68,-56,-63
60,-77,-43,-70
68,-78,-45,-67
84,-93,-71,-58
81,-83,-56,-72
53,-76,-46,-62
73,-81,-57,-57
82,-82,8,-51
79,-21,260,-64
68,167,1147,-51
96,462,2566,-23
147,832,4405,-46
362,1242,6300,-66
690,1626,8042,-73
1141,1899,9509,-62
1614,1975,10650,-68
1973,1872,11502,-65
2105,1629,12098,-70
2037,1317,12511,-59
1794,994,12789,-66
1474,705,13001,-64
1149,498,13130,-59
849,328,13223,-40
627,208,13283,-38
474,136,13338,-45
340,70,13372,-43
241,27,13382,-47
213,-6,13344,-47
153,-13,13086,-74
121,-14,12280,-74
111,-16,10904,-53
119,-38,9100,-77
103,-41,7260,-82
101,-32,5527,-77
85,-51,4037,-73
99,-81,2854,-75
86,-76,1988,-81
75,-75,1359,-63
68,-88,957,-52
63,-86,652,-44
72,-83,450,-70
65,-71,297,-61
51,-77,207,-69
65,-80,149,-58
59,-78,84,-64
60,-54,81,-50
64,-64,42,-43
64,-67,-18,-57
53,-54,-45,-78
52,-52,-79,-67
60,-62,-127,-61
65,-106,-167,-59
55,-101,-192,-77
37,-95,-202,-68
47,-104,-258,-55
50,-117,-247,-67
42,-103,-261,-60
31,-105,-284,-72
30,-90,-291,-78
48,-94,-302,-36
62,-80,-316,-69
31,-80,-302,-62
53,-71,-337,-49
58,-89,-374,-65
43,-85,-413,-58
34,-74,-442,-50
37,-92,-468,-35


0,0,0,0,0,0,0,0
0,0,0,0,0,0,0,0
0,0,0,0,0,0,0,0
0,0,0,0,0,0,0,0
0,0,0,0,0,0,0,0
0,0,0,0,0,0,0,0
0,0,0,0,0,0,0,0
0,0,0,0,0,0,0,0
0,0,0,0,0,0,0,0
0,0,0,0,0,0,0,0
0,0,0,0,0,0,0,0
0,0,0,0,0,0,0,0
0,0,0,0,0,0,0,0
0,0,0,0,0,0,0,0
0,0,0,0,0,0,0,0
0,0,0,0,0,0,0,0
