10184,10551,164444,6158,4995
16805,17410,271333,10161,8242
2057,2007,13436,907,1049
8,8,20,10,1
4121,6119,8130,1506,135236452
65,-58,-63,-66,-50
18500,18800,277000,240000,1000
15000,16000,269000,0,1234567
2200,2200,14500,-100,-1320427068
1800,1800,12000,1097327857,-1320427068
10,10,22,239141,128
6,6,18,9000000,128
100,0,0,0,0
0,-100,-100,100,1765426030
4003,6000,8000,1450,10050
5,6,20,16500,235271
5,0,0,1071232359,32
0,4,19,0,1
4075,6075,8075,0,0

83,-84,-51,-62
59,-70,-76,-85
54,-83,-55,-69
66,-68,-60,-63
63,-70,-67,-57
42,-61,-58,-52
95,-48,-43,-38
90,-34,-118,-52
66,-25,-60,-57
50,-13,-36,-63
62,-31,-75,-47
74,-21,-99,-77
82,-43,-52,-78
64,-30,-58,-71
70,-53,-89,-70
96,-75,-75,-67
87,-30,-65,-75
50,-34,-31,-88
52,-50,-33,-56
87,-46,-63,-66
80,-68,-67,-79
77,-43,-50,-83
69,-50,-64,-78
59,-67,-63,-85
57,-93,-75,-85
55,-95,-64,-70
51,-99,-73,-63
57,-101,-90,-66
59,-85,-87,-66
56,-54,-59,-56
56,-73,-62,-68
70,-58,-58,-55
54,-51,6,-75
42,14,275,-64
60,192,1135,-65
84,457,2560,-67
135,840,4412,-75
322,1247,6290,-82
679,1608,8034,-75
1147,1858,9505,-55
1619,1949,10662,-49
1956,1860,11515,-59
2122,1594,12104,-52
2054,1297,12523,-16
1819,995,12794,40
1485,705,13000,170
1155,496,13132,325
898,324,13216,465
654,201,13277,584
455,128,13331,690
348,70,13368,776
257,30,13373,839
193,18,13353,841
149,7,13080,837
107,-1,12268,814
109,-14,10891,655
103,-16,9093,521
96,-13,7257,376
97,-22,5510,258
106,-28,3999,157
122,-40,2835,81
86,-45,1973,22
96,-64,1346,0
111,-59,934,-17
83,-86,629,-34
70,-68,411,-53
71,-92,264,-37
68,-102,190,-62
70,-80,113,-49
75,-91,51,-36
74,-92,26,-46
74,-99,14,-40
59,-73,-22,-66
38,-58,-45,-74
42,-74,-101,-63
56,-69,-132,-73
41,-73,-154,-65
41,-74,-196,-82
40,-61,-207,-59
36,-82,-258,-50
51,-63,-250,-77
35,-48,-245,-50
28,-58,-294,-50
37,-78,-303,-52
47,-91,-308,-55
43,-92,-316,-55
19,-99,-325,-65
30,-105,-370,-48
27,-89,-374,-57
-1,-70,-380,-64
35,-96,-420,-58
49,-110,-446,-83


-71,-60,-48,-59,-62,-52,-63,-48
-53,-44,-23,-44,-48,-26,-23,-46
-60,-64,-35,-50,-53,-56,-30,-41
-62,-50,-52,-67,-60,-49,-51,-47
-46,-33,-18,-26,-58,-37,-52,-60
-57,-38,-23,-14,-43,-42,-57,-44
-49,-48,-53,-58,-70,-70,-57,-58
-52,-38,-29,-36,-30,-21,-11,-28
-48,-41,-39,-45,-48,-72,-64,-74
-84,-70,-64,-70,-65,-53,-36,-42
-45,-48,-20,-29,-52,-54,-43,-38
-47,-40,-45,-62,-71,-39,-55,-39
-62,-45,-43,-44,-59,-311,-2027,1117
401,103,244,-77,999,826,-1372,-203
492,-68,-268,237,-92,24,335,-424
100,-171,-909,-154,491,-555,-738,-738
