9612,10271,163554,126,9073
16871,18029,287071,222,15925
2039,2210,14911,25,479
8,8,19,1,3
4121,8118,12128,1107,130161371
46,-55,-55,-56,-57
18500,18800,290000,240000,1000
15000,16000,282000,0,1234567
2200,2400,15900,-100,1094419572
1800,2000,13900,1068408138,1094419572
10,10,22,23944,128
6,6,18,9000000,128
100,0,0,0,0
0,-100,-100,100,1766997753
4003,8000,12000,1058,10050
5,5,19,17552,1037218
5,0,0,0,32
0,5,21,0,1
4075,8075,12075,0,0

46,-59,-43,-58
31,-57,-70,-43
49,-70,-56,-60
38,-83,-76,-46
42,-17,-50,-43
44,-81,-48,-38
56,-75,-37,-55
44,8,-86,-62
51,-106,-50,-59
58,-31,-32,-41
65,-22,-65,-50
50,-135,-73,-61
49,14,-17,-59
39,-76,-50,-60
48,-78,-63,-62
48,-29,-44,-66
44,-76,-42,-59
34,-51,-66,-47
52,-56,-71,-41
61,-72,-59,-56
63,-57,-46,-60
47,-59,-81,-68
66,-53,-65,-68
55,-66,-42,-73
22,-38,-48,-55
41,-41,-48,-50
46,-52,-54,-58
49,-35,-54,-68
46,-48,-62,-71
73,-47,-48,-54
66,-70,-73,-58
58,-46,-51,-79
52,-13,99,-74
70,52,541,-45
78,317,1557,-54
85,711,3253,-74
182,1158,5285,-75
377,1661,7372,-76
781,1962,9237,-67
1210,2155,10843,-58
1628,2060,12017,-57
1964,1779,12908,-48
2085,1469,13521,-65
1987,1079,13952,-70
1737,789,14247,-53
1413,572,14449,-31
1119,352,14622,-49
804,243,14725,-51
582,157,14794,-53
396,77,14856,-44
297,28,14850,-55
211,17,14757,-72
163,-18,14338,-59
145,-26,13357,-49
129,-33,11742,-58
103,-26,9745,-64
87,-9,7739,-53
71,-33,5825,-55
82,-23,4289,-58
81,-47,3055,-71
66,-33,2158,-71
66,-46,1487,-66
91,-77,1025,-72
70,-58,721,-69
48,-52,501,-47
50,-81,337,-34
46,-74,216,-35
47,-68,127,-48
43,-68,106,-54
39,-51,64,-53
48,-55,19,-56
64,-49,27,-87
44,-29,21,-81
58,-58,-27,-58
53,-77,-84,-56
47,-89,-132,-64
42,-87,-162,-50
45,-106,-211,-57
52,-121,-244,-55
35,-101,-258,-58
2,-86,-314,-51
17,-78,-284,-33
27,-79,-297,-44
25,-76,-318,-49
25,-72,-311,-59
29,-75,-334,-41
41,-103,-360,-62
42,-91,-390,-83
37,-81,-401,-67
34,-87,-441,-40
32,-79,-464,-46
33,-72,-485,-56


-57,-80,-63,-37,-59,-62,-66,-56
-54,-70,-73,-39,-58,-69,-72,-57
-61,-75,-53,-39,-47,-56,-54,-56
-65,-72,-59,-51,-60,-83,-68,-56
-53,-63,-65,-32,-41,-54,-58,-50
-60,-74,-63,-47,-49,-60,-78,-52
-57,-54,-72,-56,-53,-68,-66,-10
-99,-52,-49,-105,-42,-63,-110,7
-94,-34,-27,-71,-22,-76,-87,-57
-55,-44,-78,-40,-53,-77,-44,-59
-58,-68,-59,-57,-55,-64,-71,-67
-46,-85,-42,-53,-75,-57,-69,-62
-49,-81,-74,-34,-63,-61,-50,1020
3888,1004,-1018,-1480,-876,-969,-1378,-1255
-921,202,68,-950,-1027,422,1737,934
-288,-1272,-796,-45,196,495,-89,-89


0.000,1.409,1.409,1.415,1.419,1.421,1.410,1.407,1.404,1.401
1.414,1.408,1.397,1.401,1.388,1.364,0.000,0.000,0.000,0.000
0.000,0.000,0.000,0.000,0.000,0.000,0.000,0.000,0.000,0.000
0.000,0.000,0.000,0.000,0.000,0.000,0.000,0.000,0.000,0.000
0.000,0.000,0.000,0.000,0.000,0.000,0.000,0.000,0.000,0.000
0.000,0.000,0.000,0.000,0.000,0.000,0.000,0.000,0.000,0.000
0.000,0.000,0.000,0.000,0.000,0.000,0.000,0.000,0.000,0.000
0.000,0.000,0.000,0.000,0.000,0.000,0.000,0.000,0.000,0.000
0.000,0.000,0.000,0.000,0.000,0.000,0.000,0.000,0.000,0.000
0.000,0.000,0.000,0.000,0.000,0.000,0.000,0.000,0.000,0.000
0.000,0.000,0.000,0.000,0.000,0.000,0.000,0.000,0.000,0.000
0.000,0.000,0.000,0.000,0.000,0.000,0.000,0.000,0.000,0.000
0.000,0.000,0.000,0.000,0.000,0.000,0.000,0.000,0.000,0.000
0.000,0.000,0.000,0.000,0.000,0.000,0.000,0.000,0.000,0.000
0.000,0.000,0.000,0.000,0.000,0.000,0.000,0.000,0.000,0.000
0.000,0.000,0.000,0.000,0.000,0.000,0.000,0.000,0.000,0.000
0.000,0.000,0.000,0.000,0.000,0.000,0.000,0.000,0.000,0.000
0.000,0.000,0.000,0.000,0.000,0.000,0.000,0.000,0.000,0.000
0.000,0.000,0.000,0.000,0.000,0.000,0.000,0.000,0.000,0.000
0.000,0.000,0.000,0.000,0.000,0.000,0.000,0.000,0.000,0.000
0.000,0.000,0.000,0.000,0.000,0.000,0.000,0.000,0.000,0.000
0.000,0.000,0.000,0.000,0.000,0.000,0.000,0.000,0.000,0.000
0.000,0.000,0.000,0.000,0.000,0.000,0.000,0.000,0.000,0.000
0.000,0.000,0.000,0.000,0.000,0.000,0.000,0.000,0.000,0.000
0.000,0.000,0.000,0.000,0.000,0.000,0.000,0.000,0.000,0.000
0.000,0.000,0.000,0.000,0.000,0.000,0.000,0.000,0.000,0.000
0.000,0.000,0.000,0.000,0.000,0.000,0.000,0.000,0.000,0.000
0.000,0.000,0.000,0.000,0.000,0.000,0.000,0.000,0.000,0.000
0.000,0.000,0.000,0.000,0.000,0.000,0.000,0.000,0.000,0.000
0.000,0.000,0.000,0.000,0.000,0.000,0.000,0.000,0.000,0.000
0.000,0.000,0.000,0.000,0.000,0.000,0.000,0.000,0.000,0.000
0.000,0.000,0.000,0.000,0.000,0.000,0.000,0.000,0.000,0.000
0.000,0.000,0.000,0.000,0.000,0.000,0.000,0.000,0.000,0.000
0.000,0.000,0.000,0.000,0.000,0.000,0.000,0.000,0.000,0.000
0.000,0.000,0.000,0.000,0.000,0.000,0.000,0.000,0.000,0.000
0.000,0.000,0.000,0.000,0.000,0.000,0.000,0.000,0.000,0.000
0.000,0.000,0.000,0.000,0.000,0.000,0.000,0.000,0.000,0.000
0.000,0.000,0.000,0.000,0.000,0.000,0.000,0.000,0.000,0.000
0.000,0.000,0.000,0.000,0.000,0.000,0.000,0.000,0.000,0.000
0.000,0.000,0.000,0.000,0.000,0.000,0.000,0.000,0.000,0.000
0.000,0.000,0.000,0.000,0.000,0.000,0.000,0.000,0.000,0.000
0.000,0.000,0.000,0.000,0.000,0.000,0.000,0.000,0.000,0.000
0.000,0.000,0.000,0.000,0.000,0.000,0.000,0.000,0.000,0.000
0.000,0.000,0.000,0.000,0.000,0.000,0.000,0.000,0.000,0.000
0.000,0.000,0.000,0.000,0.000,0.000,0.000,0.000,0.000,0.000
0.000,0.000,0.000,0.000,0.000,0.000,0.000,0.000,0.000,0.000
0.000,0.000,0.000,0.000,0.000,0.000,0.000,0.000,0.000,0.000
0.000,0.000,0.000,0.000,0.000,0.000,0.000,0.000,0.000,0.000
0.000,0.000,0.000,0.000,0.000,0.000,0.000,0.000,0.000,0.000
0.000,0.000,0.000,0.000,0.000,0.000,0.000,0.000,0.000,0.000
0.000,0.000,0.000,0.000,0.000,0.000,0.000,0.000,0.000,0.000
0.000,0.000,0.000,0.000,0.000,0.000,0.000,0.000,0.000,0.000
0.000,0.000,0.000,0.000,0.000,0.000,0.000,0.000,0.000,0.000
0.000,0.000,0.000,0.000,0.000,0.000,0.000,0.000,0.000,0.000
0.000,0.000,0.000,0.000,0.000,0.000,0.000,0.000,0.000,0.000
0.000,0.000,0.000,0.000,0.000,0.000,0.000,0.000,0.000,0.000
0.000,0.000,0.000,0.000,0.000,0.000,0.000,0.000,0.000,0.000
0.000,0.000,0.000,0.000,0.000,0.000,0.000,0.000,0.000,0.000
0.000,0.000,0.000,0.000,0.000,0.000,0.000,0.000,0.000,0.000
0.000,0.000,0.000,0.000,0.000,0.000,0.000,0.000,0.000,0.000
0.000,0.000,0.000,0.000,0.000,0.000,0.000,0.000,0.000,0.000
0.000,0.000,0.000,0.000,0.000,0.000,0.000,0.000,0.000,0.000
0.000,0.000,0.000,0.000,0.000,0.000,0.000,0.000,0.000,0.000
0.000,0.000,0.000,0.000,0.000,0.000,0.000,0.000,0.000,0.000
0.000,0.000,0.000,0.000,0.000,0.000,0.000,0.000,0.000,0.000
0.000,0.000,0.000,0.000,0.000,0.000,0.000,0.000,0.000,0.000
0.000,0.000,0.000,0.000,0.000,0.000,0.000,0.000,0.000,0.000
0.000,0.000,0.000,0.000,0.000,0.000,0.000,0.000,0.000,0.000
0.000,0.000,0.000,0.000,0.000,0.000,0.000,0.000,0.000,0.000
0.000,0.000,0.000,0.000,0.000,0.000,0.000,0.000,0.000,0.000
0.000,0.000,0.000,0.000,0.000,0.000,0.000,0.000,0.000,0.000
0.000,0.000,0.000,0.000,0.000,0.000,0.000,0.000,0.000,0.000
0.000,0.000,0.000,0.000,0.000,0.000,0.000,0.000,0.000,0.000
0.000,0.000,0.000,0.000,0.000,0.000,0.000,0.000,0.000,0.000
0.000,0.000,0.000,0.000,0.000,0.000,0.000,0.000,0.000,0.000
0.000,0.000,0.000,0.000,0.000,0.000,0.000,0.000,0.000,0.000
0.000,0.000,0.000,0.000,0.000,0.000,0.000,0.000,0.000,0.000
0.000,0.000,0.000,0.000,0.000,0.000,0.000,0.000,0.000,0.000
0.000,0.000,0.000,0.000,0.000,0.000,0.000,0.000,0.000,0.000
0.000,0.000,0.000,0.000,0.000,0.000,0.000,0.000,0.000,0.000
0.000,0.000,0.000,0.000,0.000,0.000,0.000,0.000,0.000,0.000
0.000,0.000,0.000,0.000,0.000,0.000,0.000,0.000,0.000,0.000
0.000,0.000,0.000,0.000,0.000,0.000,0.000,0.000,0.000,0.000
0.000,0.000,0.000,0.000,0.000,0.000,0.000,0.000,0.000,0.000
0.000,0.000,0.000,0.000,0.000,0.000,0.000,0.000,0.000,0.000
0.000,0.000,0.000,0.000,0.000,0.000,0.000,0.000,0.000,0.000
0.000,0.000,0.000,0.000,0.000,0.000,0.000,0.000,0.000,0.000
0.000,0.000,0.000,0.000,0.000,0.000,0.000,0.000,0.000,0.000
0.000,0.000,0.000,0.000,0.000,0.000,0.000,0.000,0.000,0.000
0.000,0.000,0.000,0.000,0.000,0.000,0.000,0.000,0.000,0.000
0.000,0.000,0.000,0.000,0.000,0.000,0.000,0.000,0.000,0.000
0.000,0.000,0.000,0.000,0.000,0.000,0.000,0.000,0.000,0.000
0.000,0.000,0.000,0.000,0.000,0.000,0.000,0.000,0.000,0.000
0.000,0.000,0.000,0.000,0.000,0.000,0.000,0.000,0.000,0.000
0.000,0.000,0.000,0.000,0.000,0.000,0.000,0.000,0.000,0.000
0.000,0.000,0.000,0.000,0.000,0.000,0.000,0.000,0.000,0.000
0.000,0.000,0.000,0.000,0.000,0.000,0.000,0.000,0.000,0.000
0.000,0.000,0.000,0.000,0.000,0.000,0.000,0.000,0.000,0.000
0.000,0.000,0.000,0.000,0.000,0.000,0.000,0.000,0.000,0.000
0.000,0.000,0.000,0.000,0.000,0.000,0.000,0.000,0.000,0.000
