10210,10688,165104,187,4513
16848,17636,272423,310,7448
2062,2053,13463,32,642
8,8,20,1,2
4121,6119,8129,1543,114912661
61,-61,-57,-60,-85
18500,18800,277000,240000,1000
15000,16000,269000,0,1234567
2200,2200,14500,-100,-1320427068
1800,1800,12000,1070480435,-1320427068
10,10,22,26585,128
6,6,18,9000000,128
100,0,0,0,0
0,-100,-100,100,1765348924
4003,6000,8000,1450,10050
5,6,20,16500,157869
5,0,0,1071244561,32
0,4,19,0,1
4075,6075,8075,0,0

49,-49,-43,-63
62,-73,-98,-60
73,-76,-79,-58
45,-71,-70,-65
65,-51,-64,-83
63,-78,-58,-47
92,-77,-28,-55
70,-58,-113,-66
48,-29,-32,-70
59,-39,-14,-57
68,-71,-78,-51
64,-71,-93,-55
84,-34,-19,-58
81,-67,-33,-66
78,-93,-66,-67
71,-74,-54,-72
75,-58,-54,-64
61,-72,-69,-38
65,-52,-49,-64
52,-54,-61,-63
53,-49,-57,-45
62,-64,-38,-55
67,-75,-58,-68
47,-49,-56,-90
55,-52,-43,-60
57,-75,-48,-50
77,-81,-64,-44
58,-84,-58,-63
52,-61,-47,-64
73,-55,-53,-56
75,-68,-67,-52
76,-64,-60,-53
60,-30,22,-47
84,-10,270,-40
81,165,1157,-55
91,482,2608,-58
117,862,4447,-59
341,1271,6329,-52
691,1618,8082,-56
1153,1887,9538,-75
1592,1992,10674,-70
1973,1868,11538,-49
2123,1607,12122,-54
2052,1311,12547,-82
1785,996,12812,-76
1496,723,13041,-50
1166,502,13186,-59
882,339,13268,-69
620,228,13334,-61
454,136,13370,-56
336,69,13406,-61
250,23,13405,-53
208,-5,13384,-58
162,0,13121,-43
145,-28,12300,-52
107,-15,10893,-64
78,-15,9134,-64
89,-49,7275,-45
99,-26,5515,-52
85,-46,4022,-65
80,-52,2886,-72
85,-63,2008,-57
98,-80,1363,-69
67,-67,972,-95
47,-55,696,-90
59,-60,461,-60
75,-66,287,-52
63,-53,205,-58
62,-38,143,-44
48,-62,79,-41
54,-64,72,-45
55,-69,60,-51
46,-51,16,-45
58,-45,-19,-49
82,-83,-74,-50
78,-78,-124,-77
59,-82,-136,-75
50,-80,-184,-76
41,-97,-216,-72
33,-94,-245,-75
10,-92,-232,-57
19,-89,-260,-50
41,-118,-302,-52
50,-94,-294,-72
44,-73,-270,-68
38,-82,-298,-49
48,-97,-337,-42
65,-88,-349,-57
31,-64,-355,-70
21,-81,-394,-28
38,-90,-444,-38
45,-100,-464,-56


-79,-74,-85,-95,-94,-81,-69,-69
-74,-88,-80,-69,-73,-57,-74,-87
-71,-76,-96,-103,-89,-79,-85,-84
-75,-71,-64,-75,-102,-74,-86,-79
-77,-92,-97,-95,-91,-94,-89,-92
-88,-71,-73,-92,-88,-70,-71,-100
-88,-78,-85,-88,-88,-73,-82,-92
-78,-73,-87,-108,-92,-65,-76,-104
-107,-83,-99,-91,-105,-84,-100,-91
-88,-84,-86,-94,-85,-65,-85,-82
-76,-62,-76,-96,-97,-76,-92,-103
-111,-133,240,425,-153,162,500,-946
-423,105,-429,88,-277,-180,379,109
-441,-47,217,-423,-512,557,35,-333
-19,-59,-203,-149,-191,-260,105,164
-415,-200,158,-156,-216,57,-97,-97
