9620,10606,161710,259,930
24051,26516,404277,649,2326
3580,3837,25705,55,194
6,7,16,1,3
4033,8033,12039,1168,27120771
21,4,9,-4,3
27000,29000,450000,420000,100
20000,22000,350000,40,1234567
3800,4300,29000,-40,-1182450701
2800,3300,25000,1078061286,-1182450701
9,9,18,75746,1024
5,5,14,9000000,192
40,40,40,0,0
-40,-40,-40,100,1784726664
4000,8000,12000,1100,10050
4,4,16,25000,261
6,0,0,0,32
0,6,16,0,1
3990,7990,11990,0,0

54,-20,114,16
14,1,57,-19
-9,34,-12,-34
-19,45,-105,-32
-13,23,-145,-33
1,0,-104,12
45,-21,-28,18
61,-39,63,57
61,4,152,14
42,31,149,1
34,26,118,-28
-34,52,8,-25
-17,15,-89,-29
-5,16,-127,-6
45,-10,-120,6
48,-26,-74,17
80,-23,25,37
28,5,60,-12
15,7,105,-15
0,21,35,-36
-10,37,-1,-32
2,19,-37,-11
23,5,-75,9
48,-23,-90,51
36,9,-44,17
34,11,46,-17
3,8,57,-45
-5,45,72,-24
26,-5,57,-22
-27,22,-2,10
49,-19,-37,-3
39,42,23,20
75,-3,52,36
83,92,141,4
123,132,688,-6
482,660,2879,-31
1366,1490,6417,-37
2198,2524,10518,-14
3187,3396,14458,8
3601,3841,17960,20
3466,3676,20660,30
3048,3229,22945,10
2447,2530,24196,-32
1667,1953,24990,-14
1236,1215,25461,-37
633,830,25714,-15
401,389,25614,7
157,218,25458,23
58,21,25263,39
43,-50,25357,0
21,-27,24787,-11
0,25,22793,-39
-8,-14,19211,-34
-29,-23,14895,-35
-8,-10,10603,-9
20,-44,6949,26
27,-21,3926,26
23,-1,1894,45
28,18,515,7
-6,25,2,-13
10,32,16,-37
7,-11,18,-50
30,-26,7,2
43,-34,1,12
24,-43,6,51
30,7,-20,29
11,31,-21,7
8,-4,-25,-2
-19,33,-23,-33
11,19,-19,-35
6,-17,-13,-6
10,-27,-35,-5
32,-70,-2,19
27,-32,21,21
21,-5,23,-8
-16,39,39,-10
-1,57,-30,-18
-19,49,-15,-21
1,-32,-48,3
6,-68,-60,-2
20,-88,-32,34
30,-51,-21,7
5,0,37,11
7,12,30,5
-34,40,39,-21
-4,14,20,-23
3,5,-9,7
26,-22,-32,4
23,-40,-57,12
31,-43,-39,33
24,-35,-23,-6
6,-25,33,-9


-39,-21,8,36,49,43,1,-34
-47,-31,-13,23,27,30,25,-8
-27,-33,-35,2,18,50,29,-6
-38,-37,0,17,15,44,27,1
-13,-34,-23,-2,12,22,18,-3
-35,-8,-1,18,27,16,28,8
7,-27,-12,2,29,20,15,4
-28,-19,9,11,19,24,1,-22
-14,-6,2,4,21,22,4,7
-15,-8,-5,6,21,22,13,-11
-30,-11,9,9,19,26,-6,3
-61,-47,-28,18,49,85,87,38
-42,-116,-135,-114,-5,95,126,178
116,79,-90,-219,-210,-99,84,191
197,156,56,-59,-153,-203,-134,-58
75,176,173,113,23,-98,-110,42


0.000,0.022,0.040,0.071,0.094,0.122,0.156,0.177,0.202,0.226
0.247,0.276,0.299,0.328,0.360,0.380,0.408,0.425,0.448,0.471
0.501,0.536,0.556,0.638,0.670,0.697,0.719,0.763,0.788,0.813
0.836,0.861,0.887,0.942,0.975,1.005,1.043,1.060,1.086,1.108
1.179,1.205,1.232,1.260,1.358,1.379,1.400,1.422,1.456,1.483
1.506,1.528,1.545,1.576,1.601,1.629,1.656,1.673,1.697,1.716
1.743,1.769,1.790,1.820,1.839,1.857,1.892,1.914,1.959,1.977
2.011,2.030,2.056,2.079,2.103,2.135,2.162,2.197,2.215,2.231
2.260,2.281,2.299,2.323,2.350,2.376,2.411,2.435,2.456,2.477
2.510,2.531,2.559,2.591,2.619,2.641,2.659,2.682,2.703,2.726
2.758,2.760,2.770,2.773,2.789,2.790,2.786,2.784,2.787,2.777
2.787,2.788,2.795,2.784,2.783,2.787,2.786,2.795,2.803,2.806
2.807,2.791,2.788,2.725,2.709,2.701,2.705,2.682,2.680,2.675
2.678,2.681,2.680,2.653,2.634,2.625,2.615,2.641,2.637,2.637
2.595,2.595,2.593,2.589,2.509,2.513,2.519,2.519,2.524,2.529
2.530,2.533,2.530,2.531,2.536,2.522,2.514,2.518,2.514,2.526
2.521,2.529,2.534,2.534,2.549,2.546,2.535,2.545,2.523,2.572
2.563,2.561,2.559,2.567,2.566,2.557,2.561,2.560,2.661,2.680
2.690,2.702,2.709,2.709,2.712,2.709,2.704,2.702,2.701,2.698
2.690,2.697,2.700,2.688,2.691,2.687,2.781,2.788,2.798,2.800
2.794,2.798,2.795,2.783,2.775,2.782,2.781,2.794,2.793,2.800
2.796,2.787,2.791,2.802,2.801,2.795,2.796,2.800,2.799,2.802
2.797,2.795,2.807,2.813,2.820,2.822,2.821,2.825,2.832,2.845
2.838,2.837,2.847,2.841,2.848,2.872,2.872,2.862,2.855,2.864
2.862,2.865,2.864,2.861,2.865,2.871,2.877,2.883,2.872,2.863
2.900,2.897,2.906,2.910,2.920,2.933,3.015,3.020,3.030,0.000
0.000,0.000,0.000,0.000,0.000,0.000,0.000,0.000,0.000,0.000
0.000,0.000,0.000,0.000,0.000,0.000,0.000,0.000,0.000,0.000
0.000,0.000,0.000,0.000,0.000,0.000,0.000,0.000,0.000,0.000
0.000,0.000,0.000,0.000,0.000,0.000,0.000,0.000,0.000,0.000
0.000,0.000,0.000,0.000,0.000,0.000,0.000,0.000,0.000,0.000
0.000,0.000,0.000,0.000,0.000,0.000,0.000,0.000,0.000,0.000
0.000,0.000,0.000,0.000,0.000,0.000,0.000,0.000,0.000,0.000
0.000,0.000,0.000,0.000,0.000,0.000,0.000,0.000,0.000,0.000
0.000,0.000,0.000,0.000,0.000,0.000,0.000,0.000,0.000,0.000
0.000,0.000,0.000,0.000,0.000,0.000,0.000,0.000,0.000,0.000
0.000,0.000,0.000,0.000,0.000,0.000,0.000,0.000,0.000,0.000
0.000,0.000,0.000,0.000,0.000,0.000,0.000,0.000,0.000,0.000
0.000,0.000,0.000,0.000,0.000,0.000,0.000,0.000,0.000,0.000
0.000,0.000,0.000,0.000,0.000,0.000,0.000,0.000,0.000,0.000
0.000,0.000,0.000,0.000,0.000,0.000,0.000,0.000,0.000,0.000
0.000,0.000,0.000,0.000,0.000,0.000,0.000,0.000,0.000,0.000
0.000,0.000,0.000,0.000,0.000,0.000,0.000,0.000,0.000,0.000
0.000,0.000,0.000,0.000,0.000,0.000,0.000,0.000,0.000,0.000
0.000,0.000,0.000,0.000,0.000,0.000,0.000,0.000,0.000,0.000
0.000,0.000,0.000,0.000,0.000,0.000,0.000,0.000,0.000,0.000
0.000,0.000,0.000,0.000,0.000,0.000,0.000,0.000,0.000,0.000
0.000,0.000,0.000,0.000,0.000,0.000,0.000,0.000,0.000,0.000
0.000,0.000,0.000,0.000,0.000,0.000,0.000,0.000,0.000,0.000
0.000,0.000,0.000,0.000,0.000,0.000,0.000,0.000,0.000,0.000
0.000,0.000,0.000,0.000,0.000,0.000,0.000,0.000,0.000,0.000
0.000,0.000,0.000,0.000,0.000,0.000,0.000,0.000,0.000,0.000
0.000,0.000,0.000,0.000,0.000,0.000,0.000,0.000,0.000,0.000
0.000,0.000,0.000,0.000,0.000,0.000,0.000,0.000,0.000,0.000
0.000,0.000,0.000,0.000,0.000,0.000,0.000,0.000,0.000,0.000
0.000,0.000,0.000,0.000,0.000,0.000,0.000,0.000,0.000,0.000
0.000,0.000,0.000,0.000,0.000,0.000,0.000,0.000,0.000,0.000
0.000,0.000,0.000,0.000,0.000,0.000,0.000,0.000,0.000,0.000
0.000,0.000,0.000,0.000,0.000,0.000,0.000,0.000,0.000,0.000
0.000,0.000,0.000,0.000,0.000,0.000,0.000,0.000,0.000,0.000
0.000,0.000,0.000,0.000,0.000,0.000,0.000,0.000,0.000,0.000
0.000,0.000,0.000,0.000,0.000,0.000,0.000,0.000,0.000,0.000
0.000,0.000,0.000,0.000,0.000,0.000,0.000,0.000,0.000,0.000
0.000,0.000,0.000,0.000,0.000,0.000,0.000,0.000,0.000,0.000
0.000,0.000,0.000,0.000,0.000,0.000,0.000,0.000,0.000,0.000
0.000,0.000,0.000,0.000,0.000,0.000,0.000,0.000,0.000,0.000
0.000,0.000,0.000,0.000,0.000,0.000,0.000,0.000,0.000,0.000
0.000,0.000,0.000,0.000,0.000,0.000,0.000,0.000,0.000,0.000
0.000,0.000,0.000,0.000,0.000,0.000,0.000,0.000,0.000,0.000
0.000,0.000,0.000,0.000,0.000,0.000,0.000,0.000,0.000,0.000
0.000,0.000,0.000,0.000,0.000,0.000,0.000,0.000,0.000,0.000
0.000,0.000,0.000,0.000,0.000,0.000,0.000,0.000,0.000,0.000
0.000,0.000,0.000,0.000,0.000,0.000,0.000,0.000,0.000,0.000
0.000,0.000,0.000,0.000,0.000,0.000,0.000,0.000,0.000,0.000
0.000,0.000,0.000,0.000,0.000,0.000,0.000,0.000,0.000,0.000
0.000,0.000,0.000,0.000,0.000,0.000,0.000,0.000,0.000,0.000
0.000,0.000,0.000,0.000,0.000,0.000,0.000,0.000,0.000,0.000
0.000,0.000,0.000,0.000,0.000,0.000,0.000,0.000,0.000,0.000
0.000,0.000,0.000,0.000,0.000,0.000,0.000,0.000,0.000,0.000
0.000,0.000,0.000,0.000,0.000,0.000,0.000,0.000,0.000,0.000
0.000,0.000,0.000,0.000,0.000,0.000,0.000,0.000,0.000,0.000
0.000,0.000,0.000,0.000,0.000,0.000,0.000,0.000,0.000,0.000
0.000,0.000,0.000,0.000,0.000,0.000,0.000,0.000,0.000,0.000
0.000,0.000,0.000,0.000,0.000,0.000,0.000,0.000,0.000,0.000
0.000,0.000,0.000,0.000,0.000,0.000,0.000,0.000,0.000,0.000
0.000,0.000,0.000,0.000,0.000,0.000,0.000,0.000,0.000,0.000
0.000,0.000,0.000,0.000,0.000,0.000,0.000,0.000,0.000,0.000
0.000,0.000,0.000,0.000,0.000,0.000,0.000,0.000,0.000,0.000
0.000,0.000,0.000,0.000,0.000,0.000,0.000,0.000,0.000,0.000
0.000,0.000,0.000,0.000,0.000,0.000,0.000,0.000,0.000,0.000
0.000,0.000,0.000,0.000,0.000,0.000,0.000,0.000,0.000,0.000
0.000,0.000,0.000,0.000,0.000,0.000,0.000,0.000,0.000,0.000
0.000,0.000,0.000,0.000,0.000,0.000,0.000,0.000,0.000,0.000
0.000,0.000,0.000,0.000,0.000,0.000,0.000,0.000,0.000,0.000
0.000,0.000,0.000,0.000,0.000,0.000,0.000,0.000,0.000,0.000
0.000,0.000,0.000,0.000,0.000,0.000,0.000,0.000,0.000,0.000
0.000,0.000,0.000,0.000,0.000,0.000,0.000,0.000,0.000,0.000
0.000,0.000,0.000,0.000,0.000,0.000,0.000,0.000,0.000,0.000
0.000,0.000,0.000,0.000,0.000,0.000,0.000,0.000,0.000,0.000
0.000,0.000,0.000,0.000,0.000,0.000,0.000,0.000,0.000,0.000
