9643,10351,162757,194,9001
16927,18169,285672,341,15799
2040,2198,14853,44,2872
8,8,19,2,1
4121,8118,12129,1112,124506348
58,-63,-56,-58,-62
18500,18800,290000,240000,1000
15000,16000,282000,0,1234567
2200,2400,15900,-100,1094419572
1800,2000,13900,1068609824,1094419572
10,10,22,24366,128
6,6,18,9000000,128
100,0,0,0,0
0,-100,-100,100,1766382163
4003,8000,12000,1058,10050
5,5,19,17552,419267
5,0,0,0,32
0,5,21,0,1
4075,8075,12075,0,0

60,-70,-60,-72
53,-63,-67,-68
61,-56,-47,-49
70,-65,-73,-52
77,-63,-67,-60
78,-66,-56,-63
61,-68,-53,-66
91,-77,-124,-72
65,-64,-75,-70
57,-43,-22,-47
62,-53,-73,-36
72,-69,-92,-43
64,-63,-29,-69
39,-68,-34,-49
41,-70,-53,-47
63,-70,-50,-58
65,-75,-61,-73
44,-67,-51,-61
50,-55,-46,-56
75,-66,-36,-55
58,-74,-70,-74
54,-71,-85,-65
52,-62,-41,-67
53,-76,-47,-56
57,-72,-50,-81
48,-53,-31,-64
61,-61,-33,-39
71,-71,-41,-38
64,-60,-31,-54
76,-65,-32,-58
77,-55,-78,-42
80,-78,-72,-52
71,-30,54,-59
52,72,510,-60
52,305,1540,-47
82,692,3220,-53
191,1159,5279,-67
384,1643,7347,-63
779,1984,9201,-56
1232,2135,10797,-62
1669,2063,11980,-79
1990,1788,12862,-65
2098,1468,13475,-58
2006,1087,13904,-71
1736,784,14205,-78
1419,580,14400,-68
1120,365,14562,-58
828,203,14655,-58
602,219,14734,-50
411,57,14789,-38
310,23,14797,-14
257,59,14718,-33
192,-62,14277,-45
146,-4,13301,-65
111,-45,11702,-59
130,-74,9701,-56
84,2,7689,-54
68,-51,5799,-36
93,-30,4259,-41
97,-41,3017,-41
91,-55,2127,-60
91,-58,1479,-68
74,-91,998,-74
84,-66,682,-55
84,-76,450,-74
76,-63,310,-63
67,-52,196,-45
69,-88,120,-60
29,-62,89,-74
13,-56,62,-70
26,-56,32,-62
66,-71,25,-55
74,-63,7,-73
55,-59,-31,-62
59,-77,-76,-50
81,-92,-133,-64
68,-104,-187,-70
48,-102,-219,-49
48,-65,-247,-26
39,-101,-284,-40
39,-93,-335,-71
35,-71,-297,-59
28,-97,-293,-42
28,-94,-322,-48
31,-75,-317,-52
37,-81,-332,-54
50,-74,-354,-37
42,-108,-408,-56
44,-99,-415,-59
17,-78,-424,-61
14,-95,-466,-67
41,-102,-491,-66


-67,-38,-27,-64,-70,-54,-39,-53
-76,-60,-59,-48,-58,-71,-63,-62
-75,-90,-88,-66,-81,-59,-50,-62
-59,-75,-45,-46,-64,-60,-42,-64
-67,-60,-55,-54,-68,-61,-49,-66
-57,-60,-65,-71,-72,-72,-78,-68
-83,-67,-42,-49,-63,-66,-58,-59
-77,-74,-76,-56,-48,-66,-51,-68
-74,-60,-51,-61,-64,-67,-56,-54
-64,-77,-70,-74,-67,-72,-61,-67
-73,-69,-50,-65,-74,-66,-71,-66
-81,-67,-68,-71,-75,-55,-53,-55
-73,-68,-67,-71,-75,-65,-149,2162
502,-3763,215,2022,-1515,-772,-1539,-227
2083,-1321,-568,-1427,2810,656,-543,-760
-1042,1395,-557,364,-726,-511,797,797


0.000,1.339,1.339,1.339,1.351,1.352,1.355,1.363,1.357,1.363
1.368,1.368,1.368,1.364,1.366,1.365,1.365,1.361,1.361,1.365
1.362,1.354,1.353,1.359,1.355,1.357,1.332,1.343,1.339,1.333
1.328,1.335,1.334,1.337,1.337,1.338,1.339,1.352,1.348,1.352
1.359,1.357,1.352,1.351,1.356,1.360,1.356,1.361,1.362,1.357
1.354,1.356,1.356,1.356,1.358,1.352,1.354,1.358,1.364,1.350
1.364,1.355,1.351,1.341,1.333,1.332,1.330,1.335,1.336,1.339
1.341,1.336,1.342,1.335,1.332,1.329,1.325,1.343,1.344,1.340
1.338,1.333,1.327,1.324,1.323,1.309,1.306,1.296,1.295,1.300
1.299,1.306,1.302,1.294,1.288,1.283,1.281,1.295,1.292,1.297
1.299,1.306,1.308,1.313,1.309,1.315,1.318,1.325,1.321,1.310
1.306,1.315,1.317,1.324,1.331,1.326,1.323,1.323,1.327,1.337
1.338,1.342,1.355,1.354,1.365,1.362,1.358,1.356,1.362,1.364
1.372,1.374,1.377,1.376,1.377,1.374,1.376,1.367,1.379,1.377
1.371,1.377,1.387,1.393,1.397,1.404,1.410,1.419,1.410,1.407
1.409,1.408,1.409,1.416,1.412,1.418,1.418,1.407,1.404,1.414
1.399,1.399,1.400,1.403,1.410,1.416,1.414,1.416,1.407,1.415
1.413,1.415,1.419,1.429,1.429,1.443,1.436,1.423,1.422,1.424
1.437,1.439,1.443,1.444,1.447,1.448,1.453,1.463,1.465,1.457
1.460,1.470,1.464,1.458,1.459,1.458,1.457,1.454,1.457,1.467
1.469,1.457,1.464,1.463,1.469,1.475,1.470,1.469,1.470,1.475
1.475,1.468,1.470,1.468,1.468,1.481,1.480,1.486,1.484,1.479
1.482,1.479,1.460,1.453,1.446,1.442,1.443,1.443,1.437,1.452
1.446,1.439,1.440,1.441,1.439,1.435,1.434,1.447,1.448,1.449
1.464,1.468,1.457,1.455,1.447,1.444,1.434,1.425,1.420,1.424
1.426,1.425,1.430,1.419,1.428,1.438,1.441,1.449,1.446,1.438
1.447,1.449,1.449,1.447,1.434,1.431,1.441,1.438,1.447,1.445
1.442,1.443,1.437,1.445,1.441,1.436,1.446,1.442,1.443,1.444
1.436,1.433,1.426,1.423,1.422,1.439,1.442,1.442,1.437,1.452
1.448,1.432,1.439,1.440,1.432,1.430,1.435,1.428,1.425,1.420
1.423,1.423,1.425,1.423,1.416,1.403,1.415,1.407,1.409,1.410
1.412,1.408,1.408,1.400,1.399,1.394,1.392,1.396,1.399,1.396
1.387,1.394,1.403,1.403,1.398,1.403,1.401,1.394,1.393,1.382
1.388,1.389,1.390,1.385,1.383,1.389,1.398,1.382,1.377,1.382
1.369,1.374,1.369,1.379,1.379,1.376,1.382,1.385,1.395,1.400
1.401,1.402,1.407,1.413,1.408,1.398,1.392,1.392,1.389,1.391
1.384,1.391,1.408,1.409,1.409,1.405,1.400,1.396,1.392,1.389
1.394,1.391,1.392,1.387,1.392,1.400,1.415,1.414,1.419,1.417
1.415,1.422,1.426,1.434,1.446,1.427,1.424,1.422,1.436,1.424
1.427,1.431,1.432,1.440,1.440,1.444,1.441,1.437,1.431,1.425
1.419,1.423,1.420,1.422,1.418,1.416,1.404,1.403,1.409,1.404
1.400,1.399,1.402,1.407,1.403,1.395,1.395,1.387,1.378,1.377
1.384,1.383,1.397,1.405,1.410,1.417,1.418,1.420,1.421,1.420
1.410,1.409,1.406,1.419,1.420,1.420,1.411,1.413,1.410,1.403
1.404,1.392,1.403,1.394,1.395,1.402,1.411,1.414,1.407,1.405
1.403,1.397,1.397,1.393,1.399,1.397,1.395,1.396,1.403,1.400
1.393,1.383,1.371,1.366,1.374,1.380,1.378,1.377,1.370,1.371
1.365,1.369,1.371,1.385,1.386,1.377,1.364,1.365,1.353,1.357
1.365,1.362,1.360,1.351,1.335,1.337,1.334,1.328,1.325,1.325
1.322,1.319,1.317,1.309,1.305,1.299,1.298,1.296,1.307,1.305
1.308,1.315,1.307,1.313,1.311,1.305,1.316,1.308,1.302,1.307
1.313,1.315,1.321,1.321,1.324,1.325,1.328,1.332,1.344,1.344
1.342,1.338,1.318,1.312,1.311,1.306,1.313,1.320,1.313,1.311
1.312,1.311,1.309,1.303,1.309,1.315,1.311,1.317,1.323,1.326
1.327,1.323,1.311,1.308,1.312,1.303,1.285,1.277,1.281,1.280
1.284,1.294,1.281,1.287,1.284,1.293,1.293,1.296,1.295,1.303
1.306,1.309,1.310,1.314,1.318,1.321,1.323,1.321,1.333,1.332
1.341,1.337,1.336,1.316,1.311,1.309,1.305,1.315,1.316,1.314
1.311,1.308,1.315,1.310,1.318,1.317,1.317,1.320,1.313,1.323
1.333,1.331,1.337,1.344,1.352,1.359,1.365,1.364,1.363,1.371
1.376,1.366,1.368,1.362,1.362,1.361,1.349,1.360,1.359,1.356
1.356,1.365,1.353,1.351,1.370,1.376,1.371,1.367,1.367,1.362
1.365,1.363,1.363,1.374,1.375,1.376,1.367,1.355,1.362,1.361
1.372,1.376,1.383,1.378,1.378,1.364,1.368,1.362,1.366,1.382
1.386,1.394,1.403,1.415,1.420,1.417,1.418,1.422,1.418,1.423
1.415,1.413,1.418,1.423,1.419,1.422,1.429,1.430,1.425,1.424
1.433,1.439,1.449,1.457,1.459,1.455,1.450,1.449,1.443,1.441
1.432,1.431,1.427,1.425,1.424,1.422,1.421,1.419,1.421,1.427
1.423,1.434,1.427,1.439,1.442,1.451,1.454,1.451,1.448,1.439
1.431,1.427,1.419,1.414,1.408,1.410,1.406,1.409,1.410,1.409
1.418,1.420,1.422,1.428,1.433,1.445,1.449,1.444,1.452,1.455
1.452,1.437,1.441,1.444,1.428,1.428,1.436,1.442,1.442,1.438
1.435,1.434,1.435,1.422,1.427,1.421,1.430,1.430,1.420,1.429
1.417,1.414,1.411,1.409,1.421,1.423,1.424,1.419,1.418,1.412
1.410,1.409,1.399,1.390,1.390,1.394,1.393,1.399,1.406,1.405
1.405,1.402,1.405,1.392,1.390,1.389,1.385,1.380,1.385,1.382
1.381,1.377,1.365,1.358,1.348,1.350,1.358,1.360,1.359,1.365
1.370,1.372,1.384,1.388,1.394,1.394,1.391,1.389,1.392,1.387
1.388,1.385,1.389,1.383,1.380,1.378,1.379,1.376,1.375,1.377
1.384,1.388,1.394,1.397,1.399,1.403,1.397,1.394,1.389,1.383
1.378,1.373,1.376,1.367,1.362,1.357,1.348,1.356,1.347,1.348
1.365,1.378,1.375,1.374,1.383,1.379,1.371,1.375,1.366,1.379
1.382,1.389,1.391,1.392,1.382,1.398,1.396,1.399,1.403,1.401
1.406,1.405,1.402,1.414,1.408,1.412,1.405,1.410,1.401,1.390
1.389,1.387,1.407,1.403,1.396,1.404,1.421,1.411,1.405,1.398
1.408,1.410,1.405,1.406,1.406,1.399,1.399,1.399,1.392,1.397
1.391,1.400,1.399,1.401,1.398,1.397,1.386,1.396,1.400,1.398
1.403,1.403,1.397,1.404,1.399,1.402,1.407,1.397,1.400,1.405
1.406,1.402,1.394,1.395,1.392,1.388,1.385,1.393,1.405,1.408
1.403,1.417,1.410,1.408,1.408,1.416,1.417,1.422,1.421,1.424
1.425,1.428,1.432,1.433,1.430,1.431,1.437,1.430,1.428,1.426
1.415,1.405,1.399,1.392,1.383,1.381,1.383,1.390,1.389,1.387
1.385,1.393,1.393,1.392,1.395,1.383,1.385,1.394,1.394,1.393
1.400,1.401,1.411,1.403,1.394,1.385,1.391,1.394,1.390,1.395
1.401,1.404,1.402,1.395,1.391,1.392,1.383,1.402,1.404,1.412
1.407,1.408,1.407,1.416,1.422,1.433,1.434,1.443,1.449,1.448
1.455,1.445,1.441,1.452,1.455,1.454,1.460,1.455,1.448,1.442
1.430,1.430,1.434,1.426,1.433,1.434,1.442,1.447,1.443,1.450
1.446,1.450,1.456,1.458,1.454,1.450,1.449,1.447,1.454,1.442
1.435,1.423,1.424,1.422,1.427,1.406,1.401,1.396,1.400,1.388
