10198,10561,163760,6050,0
16827,17427,270205,9983,0
2034,2026,13400,931,0
8,8,20,10,0
4121,6119,8130,1506,0
57,-50,-31,-56,0
18500,18800,277000,240000,1000
15000,16000,269000,0,1234567
2200,2200,14500,-100,-1320427068
1800,1800,12000,1107717307,-1320427068
10,10,22,554502,0
6,6,18,9000000,2048
100,0,0,0,0
0,-100,-100,100,1765426063
4003,6000,8000,1450,10050
5,6,20,16500,235304
5,0,0,1069760540,32
0,4,19,0,1
4075,6075,8075,0,0

81,-60,-51,-43
87,-57,-70,-61
82,-51,-40,-66
70,-52,-41,-48
76,-52,-58,-77
61,-41,-55,-74
54,-27,-2,-62
56,-8,-82,-49
61,-16,-20,-58
57,-38,-4,-71
62,-42,-33,-61
47,-47,-54,-49
67,-75,-25,-30
73,-67,-38,-61
46,-49,-34,-51
54,-63,-20,-56
65,-71,-41,-51
49,-55,-34,-61
36,-50,-16,-65
42,-40,-33,-61
47,-54,-27,-61
51,-58,-17,-68
45,-36,-3,-66
58,-45,-20,-49
66,-73,-21,-50
72,-62,-6,-56
55,-65,7,-50
66,-66,-16,-42
61,-66,-45,-63
63,-46,-41,-68
60,-24,-35,-57
54,-29,-42,-40
53,-42,-3,-52
47,0,271,-73
45,192,1137,-86
67,481,2539,-77
152,842,4397,-76
359,1240,6276,-69
685,1629,8033,-75
1139,1894,9505,-50
1600,1976,10650,-41
1943,1878,11503,-45
2091,1638,12097,-35
2029,1325,12527,-9
1815,1012,12783,39
1490,722,12976,152
1160,526,13127,297
880,353,13212,476
651,214,13276,587
453,137,13326,690
334,82,13365,760
246,26,13369,827
218,2,13331,875
165,-4,13086,863
124,-5,12289,827
100,-13,10922,717
102,-18,9138,575
102,-30,7275,403
85,-24,5547,286
76,-38,4040,171
84,-52,2877,86
59,-51,2006,13
40,-39,1373,-11
55,-52,949,-33
84,-69,639,-42
57,-59,411,-66
50,-55,275,-63
64,-53,184,-70
77,-64,113,-50
77,-60,54,-49
54,-65,54,-45
69,-77,29,-43
66,-83,-24,-56
59,-70,-42,-76
40,-80,-74,-61
53,-90,-109,-43
55,-95,-129,-44
49,-92,-172,-50
15,-76,-174,-46
5,-78,-233,-29
37,-90,-257,-33
55,-81,-261,-60
24,-92,-295,-62
21,-76,-282,-61
32,-65,-290,-78
19,-56,-305,-71
-1,-58,-301,-68
29,-77,-334,-55
19,-76,-367,-74
7,-87,-371,-80
27,-85,-402,-84
36,-94,-442,-64


0,0,0,0,0,0,0,0
0,0,0,0,0,0,0,0
0,0,0,0,0,0,0,0
0,0,0,0,0,0,0,0
0,0,0,0,0,0,0,0
0,0,0,0,0,0,0,0
0,0,0,0,0,0,0,0
0,0,0,0,0,0,0,0
0,0,0,0,0,0,0,0
0,0,0,0,0,0,0,0
0,0,0,0,0,0,0,0
0,0,0,0,0,0,0,0
0,0,0,0,0,0,0,0
0,0,0,0,0,0,0,0
0,0,0,0,0,0,0,0
0,0,0,0,0,0,0,0
