9583,10342,163394,69,5105
16821,18153,286790,122,8962
2045,2202,14909,14,886
8,8,19,1,1
4121,8118,12128,1099,52321285
57,-61,-64,-60,-58
18500,18800,290000,240000,1000
15000,16000,282000,0,1234567
2200,2400,15900,-100,1094419572
1800,2000,13900,1068782834,1094419572
10,10,22,24728,128
6,6,18,9000000,128
100,0,0,0,0
0,-100,-100,100,1766380488
4003,8000,12000,1058,11049
5,5,19,17552,417586
5,0,0,1068276707,32
0,5,21,0,1
4075,8075,12075,0,0

43,-59,-54,-73
42,-59,-83,-60
60,-56,-64,-60
57,-61,-91,-63
53,-56,-68,-73
77,-75,-54,-43
54,-82,-48,-58
78,-60,-100,-55
57,-49,-67,-58
67,-52,-44,-45
66,-72,-93,-62
65,-71,-87,-80
51,-46,-25,-60
51,-56,-51,-55
69,-76,-72,-61
74,-71,-45,-57
54,-65,-21,-55
64,-71,-62,-62
73,-87,-67,-60
62,-65,-54,-71
43,-52,-53,-76
48,-57,-73,-46
59,-66,-52,-59
48,-67,-51,-70
64,-49,-84,-67
57,-57,-86,-62
73,-62,-65,-58
60,-62,-67,-67
53,-51,-59,-65
75,-56,-48,-39
65,-75,-69,-70
50,-65,-59,-74
51,-31,85,-65
58,62,517,-74
75,298,1535,-57
98,699,3218,-84
173,1183,5276,-62
377,1645,7336,-46
791,1976,9218,-57
1230,2141,10829,-77
1665,2052,12019,-79
1994,1789,12902,-67
2102,1448,13523,-58
2004,1098,13950,-71
1718,820,14254,-65
1411,557,14460,-47
1114,378,14617,-58
820,248,14718,-69
590,154,14790,-61
438,93,14845,-47
323,34,14842,-68
236,14,14754,-64
156,-1,14295,-67
147,-4,13323,-46
124,-21,11700,-67
115,-30,9703,-74
69,-26,7697,-69
85,-42,5795,-55
97,-64,4253,-57
90,-56,3036,-72
72,-52,2148,-84
62,-72,1486,-55
78,-78,1002,-63
75,-73,711,-78
66,-74,488,-66
56,-86,321,-58
52,-90,192,-61
41,-79,131,-64
27,-62,105,-65
52,-66,53,-55
65,-73,24,-68
67,-59,-3,-62
54,-48,0,-67
72,-57,-51,-54
95,-88,-86,-63
78,-89,-133,-66
75,-70,-169,-58
61,-80,-219,-46
70,-102,-262,-73
53,-92,-294,-77
38,-95,-311,-74
38,-85,-278,-56
42,-92,-288,-48
27,-98,-318,-65
25,-88,-306,-66
32,-98,-309,-61
26,-113,-355,-66
23,-103,-399,-72
32,-89,-421,-73
57,-101,-467,-58
64,-100,-497,-62
58,-90,-497,-69


-59,-49,-49,-61,-56,-48,-56,-70
-70,-66,-68,-77,-66,-50,-49,-73
-58,-58,-60,-66,-51,-47,-50,-69
-68,-52,-61,-80,-70,-51,-37,-68
-67,-57,-58,-72,-72,-62,-59,-62
-70,-46,-63,-67,-56,-45,-67,-67
-58,-53,-60,-72,-67,-50,-54,-64
-76,-66,-62,-72,-58,-31,-31,-52
-54,-50,-55,-78,-67,-53,-56,-76
-63,-52,-57,-77,-64,-45,-53,-65
-57,-48,-48,-49,-61,-45,-49,-61
-58,-52,-63,-88,-75,-51,-56,-67
-77,-64,189,-527,-9,947,-2115,1349
627,-1656,-194,828,-246,-62,184,-850
97,682,-423,-138,-354,269,301,-846
437,-514,549,-133,-123,265,-877,-877


1.349,1.329,1.329,1.326,1.320,1.320,1.332,1.334,1.346,1.347
1.340,1.338,1.341,1.346,1.346,1.354,1.354,1.346,1.343,1.343
1.351,1.351,1.349,1.331,1.344,1.333,1.338,1.338,1.349,1.349
1.347,1.351,1.347,1.347,1.335,1.335,1.338,1.330,1.330,1.328
1.328,1.341,1.345,1.342,1.339,1.341,1.341,1.343,1.346,1.348
1.348,1.349,1.346,1.347,1.343,1.339,1.341,1.341,1.342,1.339
1.348,1.348,1.342,1.337,1.337,1.338,1.338,1.337,1.336,1.336
1.337,1.331,1.334,1.336,1.327,1.318,1.313,1.311,1.306,1.301
1.301,1.299,1.297,1.290,1.282,1.283,1.294,1.288,1.282,1.289
1.284,1.277,1.290,1.294,1.292,1.294,1.285,1.293,1.299,1.281
1.287,1.286,1.284,1.289,1.291,1.291,1.282,1.301,1.299,1.305
1.300,1.301,1.291,1.277,1.277,1.280,1.274,1.253,1.240,1.238
1.239,1.242,1.242,1.254,1.248,1.253,1.252,1.244,1.241,1.242
1.239,1.234,1.236,1.244,1.243,1.235,1.235,1.239,1.228,1.240
1.248,1.235,1.239,1.246,1.256,1.257,1.257,1.268,1.271,1.260
1.266,1.265,1.262,1.260,1.252,1.246,1.248,1.252,1.247,1.252
1.254,1.252,1.252,1.248,1.249,1.248,1.249,1.252,1.248,1.251
1.246,1.246,1.239,1.234,1.243,1.247,1.245,1.244,1.250,1.243
1.242,1.248,1.247,1.247,1.250,1.250,1.246,1.256,1.263,1.251
1.248,1.250,1.260,1.262,1.259,1.250,1.252,1.252,1.246,1.253
1.253,1.245,1.236,1.244,1.250,1.247,1.252,1.246,1.243,1.235
1.235,1.221,1.228,1.221,1.217,1.219,1.228,1.223,1.231,1.233
1.242,1.240,1.259,1.271,1.274,1.263,1.254,1.265,1.260,1.253
1.264,1.272,1.274,1.275,1.284,1.281,1.271,1.271,1.276,1.273
1.265,1.269,1.259,1.249,1.253,1.251,1.248,1.246,1.244,1.234
1.226,1.221,1.220,1.211,1.216,1.218,1.223,1.228,1.237,1.232
1.236,1.245,1.240,1.248,1.247,1.242,1.247,1.249,1.248,1.243
1.249,1.243,1.257,1.263,1.272,1.267,1.261,1.265,1.275,1.272
1.284,1.288,1.286,1.286,1.293,1.287,1.289,1.287,1.282,1.269
1.268,1.270,1.269,1.269,1.267,1.275,1.271,1.273,1.290,1.316
1.310,1.309,1.314,1.316,1.312,1.313,1.303,1.304,1.301,1.309
1.318,1.307,1.308,1.307,1.312,1.307,1.302,1.309,1.304,1.309
1.313,1.327,1.302,1.285,1.286,1.298,1.314,1.307,1.310,1.313
1.308,1.312,1.307,1.311,1.325,1.314,1.317,1.314,1.317,1.320
1.320,1.314,1.317,1.319,1.316,1.309,1.307,1.308,1.313,1.318
1.328,1.335,1.342,1.349,1.345,1.355,1.354,1.349,1.340,1.339
1.333,1.332,1.340,1.333,1.329,1.331,1.331,1.327,1.324,1.337
1.333,1.341,1.332,1.330,1.329,1.328,1.327,1.326,1.317,1.320
1.314,1.313,1.313,1.311,1.302,1.305,1.309,1.325,1.324,1.331
1.333,1.336,1.344,1.336,1.335,1.331,1.332,1.329,1.319,1.296
1.305,1.308,1.310,1.305,1.309,1.321,1.322,1.322,1.329,1.341
1.337,1.344,1.336,1.346,1.343,1.348,1.347,1.339,1.337,1.327
1.317,1.310,1.313,1.314,1.315,1.310,1.293,1.286,1.282,1.279
1.273,1.267,1.269,1.265,1.246,1.253,1.257,1.266,1.264,1.263
1.276,1.283,1.284,1.285,1.293,1.302,1.300,1.304,1.305,1.304
1.291,1.288,1.283,1.281,1.281,1.298,1.294,1.302,1.300,1.304
1.304,1.296,1.286,1.293,1.292,1.293,1.293,1.303,1.300,1.294
1.300,1.299,1.300,1.301,1.300,1.295,1.297,1.299,1.307,1.319
1.325,1.321,1.328,1.329,1.332,1.335,1.341,1.333,1.326,1.326
1.339,1.336,1.334,1.327,1.324,1.320,1.322,1.324,1.332,1.340
1.335,1.346,1.347,1.347,1.336,1.339,1.337,1.345,1.343,1.331
1.336,1.339,1.342,1.330,1.332,1.339,1.341,1.341,1.354,1.359
1.354,1.347,1.347,1.348,1.340,1.329,1.329,1.343,1.337,1.333
1.341,1.349,1.349,1.349,1.351,1.358,1.360,1.357,1.361,1.361
1.352,1.342,1.346,1.347,1.346,1.339,1.337,1.327,1.322,1.322
1.329,1.333,1.340,1.352,1.350,1.334,1.339,1.336,1.335,1.336
1.340,1.348,1.358,1.354,1.361,1.357,1.363,1.349,1.352,1.356
1.356,1.358,1.354,1.357,1.363,1.367,1.379,1.377,1.369,1.362
1.357,1.366,1.361,1.368,1.369,1.373,1.360,1.361,1.368,1.370
1.356,1.374,1.363,1.375,1.380,1.389,1.396,1.400,1.387,1.386
1.390,1.384,1.390,1.398,1.395,1.388,1.397,1.407,1.407,1.411
1.412,1.414,1.415,1.414,1.409,1.413,1.410,1.415,1.409,1.402
1.405,1.410,1.415,1.421,1.422,1.427,1.432,1.419,1.421,1.422
1.417,1.404,1.409,1.408,1.422,1.413,1.409,1.408,1.407,1.406
1.407,1.413,1.406,1.412,1.412,1.420,1.429,1.431,1.432,1.434
1.432,1.425,1.422,1.407,1.403,1.397,1.399,1.395,1.412,1.409
1.404,1.401,1.391,1.387,1.397,1.400,1.399,1.402,1.407,1.400
1.403,1.398,1.403,1.407,1.400,1.403,1.384,1.390,1.386,1.383
1.381,1.378,1.378,1.370,1.376,1.366,1.371,1.372,1.375,1.374
1.377,1.380,1.406,1.401,1.404,1.400,1.387,1.386,1.388,1.386
1.393,1.395,1.389,1.380,1.379,1.368,1.374,1.358,1.359,1.359
1.363,1.360,1.357,1.358,1.363,1.357,1.363,1.374,1.368,1.388
1.399,1.400,1.396,1.412,1.411,1.420,1.425,1.426,1.426,1.428
1.441,1.442,1.445,1.438,1.435,1.441,1.440,1.439,1.433,1.432
1.431,1.434,1.434,1.429,1.422,1.421,1.414,1.425,1.422,1.423
1.428,1.435,1.431,1.431,1.444,1.435,1.431,1.446,1.433,1.434
1.435,1.437,1.441,1.439,1.423,1.429,1.420,1.427,1.423,1.423
1.414,1.410,1.410,1.402,1.403,1.390,1.387,1.380,1.389,1.403
1.399,1.394,1.391,1.396,1.395,1.404,1.403,1.393,1.397,1.389
1.381,1.366,1.346,1.343,1.338,1.333,1.344,1.340,1.340,1.336
1.326,1.319,1.314,1.318,1.323,1.332,1.322,1.332,1.333,1.341
1.332,1.333,1.339,1.341,1.343,1.332,1.324,1.310,1.315,1.299
1.307,1.317,1.314,1.296,1.298,1.289,1.291,1.292,1.291,1.301
1.291,1.289,1.280,1.308,1.299,1.286,1.288,1.290,1.296,1.289
1.292,1.297,1.297,1.293,1.299,1.295,1.293,1.287,1.297,1.295
1.289,1.281,1.280,1.281,1.285,1.286,1.294,1.283,1.284,1.283
1.289,1.287,1.299,1.307,1.312,1.304,1.308,1.311,1.320,1.325
1.326,1.329,1.331,1.329,1.325,1.333,1.339,1.337,1.329,1.313
1.315,1.322,1.327,1.339,1.333,1.325,1.321,1.337,1.339,1.346
1.353,1.340,1.349,1.352,1.369,1.381,1.370,1.369,1.367,1.366
1.367,1.370,1.379,1.374,1.378,1.384,1.379,1.374,1.376,1.371
1.370,1.372,1.379,1.387,1.392,1.399,1.403,1.410,1.409,1.412
1.402,1.397,1.410,1.412,1.423,1.428,1.420,1.431,1.432,1.427
1.423,1.422,1.424,1.402,1.396,1.396,1.401,1.397,1.397,1.413
1.411,1.402,1.401,1.400,1.404,1.397,1.396,1.393,1.392,1.400
1.404,1.409,1.418,1.418,1.408,1.412,1.412,1.418,1.423,1.419
1.413,1.414,1.402,1.395,1.395,1.396,1.388,1.384,1.377,1.388
1.390,1.395,1.396,1.420,1.431,1.440,1.439,1.454,1.452,1.457
1.457,1.454,1.446,1.432,1.431,1.439,1.442,1.438,1.428,1.418
1.416,1.434,1.427,1.424,1.408,1.399,1.403,1.408,1.408,1.409
