10360,10559,164544,329,5516
17094,17423,271499,544,9102
2057,2027,13467,31,785
8,8,20,2,8
4121,6119,8130,1542,164006899
56,-58,-55,-58,-141
18500,18800,277000,240000,1000
15000,16000,269000,0,1234567
2200,2200,14500,-100,-1320427068
1800,1800,12000,1073980772,-1320427068
10,10,22,33940,128
6,6,18,9000000,128
100,0,0,0,0
0,-100,-100,100,1765433293
4003,6000,8000,1450,10050
5,6,20,16500,2693
5,0,0,1123391159,32
0,4,19,0,1
4075,6075,8075,0,0

48,-56,-70,-51
66,-69,-98,-61
63,-63,-62,-74
34,-48,-29,-70
72,-48,-33,-59
60,-62,-46,-67
80,-58,-10,-68
62,-54,-77,-72
39,-60,-20,-65
64,-54,-16,-63
73,-59,-53,-58
45,-46,-71,-50
61,-60,-35,-45
66,-82,-61,-56
52,-71,-70,-50
44,-56,-72,-61
43,-65,-72,-41
47,-74,-72,-43
40,-84,-44,-47
45,-58,-60,-46
71,-63,-72,-35
81,-60,-60,-82
68,-55,-61,-82
65,-42,-50,-58
66,-55,-55,-58
71,-69,-75,-73
86,-65,-51,-72
49,-54,-52,-73
42,-58,-56,-38
70,-51,-75,-39
57,-52,-85,-58
49,-42,-61,-67
49,-52,-8,-58
60,-10,241,-69
59,167,1126,-76
55,459,2546,-57
122,827,4374,-32
362,1232,6263,-38
698,1608,8032,-66
1136,1878,9505,-35
1608,1969,10651,-40
1969,1866,11510,-49
2113,1628,12120,-68
2026,1331,12554,-68
1795,1021,12823,-47
1502,709,13024,-38
1162,498,13159,-49
867,337,13255,-50
641,205,13315,-46
474,115,13357,-49
338,61,13407,-68
221,35,13412,-79
182,18,13375,-70
144,-19,13124,-91
123,-30,12311,-101
104,-18,10934,-113
94,-20,9141,-100
105,-26,7284,-118
86,-18,5554,-111
79,-38,4054,-91
87,-48,2873,-81
100,-62,1985,-87
87,-54,1339,-80
86,-42,927,-80
86,-51,627,-60
107,-65,420,-71
101,-81,281,-68
69,-45,199,-54
76,-59,113,-30
90,-71,29,-34
83,-77,19,-42
73,-67,19,-54
64,-83,-30,-43
76,-72,-58,-55
68,-85,-82,-48
65,-61,-105,-46
48,-87,-129,-38
54,-86,-155,-39
25,-79,-172,-36
36,-78,-219,-36
44,-86,-232,-41
57,-100,-242,-48
37,-94,-269,-63
41,-71,-265,-45
48,-77,-271,-32
46,-92,-305,-29
37,-103,-308,-28
53,-102,-327,-35
50,-99,-363,-27
41,-107,-396,-35
36,-96,-423,-67
12,-87,-443,-63


-48,-67,-74,-74,-67,-76,-76,-87
-83,-95,-97,-102,-89,-92,-106,-107
-94,-108,-108,-101,-80,-94,-107,-97
-61,-59,-61,-70,-70,-68,-63,-83
-90,-102,-115,-98,-100,-103,-125,-118
-105,-103,-114,-126,-95,-96,-110,-100
-95,-92,-111,-102,-78,-102,-103,-93
-82,-89,327,-367,-154,-450,-326,-397
-136,-823,189,-20,-186,-308,135,-166
-319,40,-203,-282,-22,3,-164,-63
-46,-114,-143,-117,-248,-54,-3,-120
-58,-111,-147,-65,-85,-150,-217,-84
-27,-184,-86,-186,-60,-93,-188,1037
414,317,749,355,644,401,323,143
-195,-333,-323,-387,-226,-66,-33,9
109,145,34,2,16,-26,-100,-100
