10208,10820,165137,12406,2241
16844,17854,272477,20470,3698
2030,2071,13493,1933,295
8,8,20,11,1
4121,6119,8130,1507,32077998
46,-63,-55,-66,-128
18500,18800,277000,240000,1000
15000,16000,269000,0,1234567
2200,2200,14500,-100,-1320427068
1800,1800,12000,1122726671,-1320427068
10,10,22,1942458,128
6,6,18,9000000,128
100,0,0,0,0
0,-100,-100,100,1765432485
4003,6000,8000,1450,10050
5,6,20,16500,1881
5,0,0,1114678867,32
0,4,19,0,1
4075,6075,8075,0,0

29,-71,-80,-77
56,-72,-103,-78
43,-70,-79,-63
47,-67,-69,-63
43,-72,-59,-62
38,-93,-53,-55
57,-91,-24,-63
43,-71,-88,-69
20,-52,-17,-52
61,-80,-12,-56
64,-78,-59,-73
42,-64,-61,-86
39,-58,-24,-76
53,-60,-59,-69
78,-84,-71,-77
63,-61,-62,-83
37,-39,-55,-77
44,-36,-39,-59
40,-51,-42,-62
59,-45,-69,-61
49,-38,-29,-61
63,-44,-26,-64
52,-54,-36,-65
50,-56,-56,-63
27,-43,-49,-56
49,-50,-48,-62
55,-78,-64,-77
53,-83,-70,-60
47,-70,-71,-71
56,-64,-77,-61
74,-60,-96,-53
80,-58,-74,-76
57,-21,0,-67
64,13,264,-47
59,179,1123,-59
66,478,2566,-58
125,876,4426,-52
339,1261,6309,-38
687,1629,8068,-39
1108,1897,9563,-52
1558,2008,10708,-56
1903,1882,11571,-42
2076,1630,12165,-34
2017,1316,12587,7
1783,1014,12861,118
1459,718,13074,349
1149,493,13206,642
854,325,13288,957
609,197,13362,1234
453,123,13399,1469
351,75,13425,1637
244,31,13438,1749
184,12,13422,1844
140,-1,13151,1867
132,-28,12332,1769
100,-39,10931,1522
54,-23,9159,1228
62,-22,7288,917
77,-11,5543,615
69,-14,4006,389
63,-25,2854,217
67,-36,1994,106
74,-60,1356,27
81,-62,930,-25
59,-55,657,-53
56,-86,416,-55
50,-78,288,-56
55,-57,186,-72
48,-59,136,-55
56,-83,60,-26
66,-107,47,-27
61,-86,45,-45
46,-71,6,-43
46,-81,-43,-33
60,-107,-80,-60
62,-75,-113,-77
44,-75,-142,-74
42,-94,-185,-59
50,-117,-205,-64
67,-104,-244,-78
45,-64,-232,-67
51,-80,-229,-35
38,-94,-294,-51
38,-87,-293,-72
17,-83,-293,-65
8,-90,-323,-68
17,-98,-342,-85
47,-104,-343,-94
38,-76,-344,-83
32,-101,-375,-89
48,-110,-392,-106
40,-97,-417,-97


-76,-82,-92,-78,-58,-66,-93,-105
-99,-92,-110,-104,-93,-105,-97,-87
-77,-96,-112,-114,-90,-115,-131,-114
-114,-130,-146,-142,-121,-138,-138,-135
-113,-108,-110,-93,-78,-95,-111,-89
-92,-113,-138,-132,-125,-123,-130,-142
-146,-139,-137,-118,-96,-110,-133,-133
-115,-112,-120,-135,-108,-123,-138,-138
-121,-120,-140,-153,-144,-145,-154,-161
-157,-151,-147,-138,-108,-114,-103,-88
-78,-88,-110,-103,-83,-92,-102,-114
-123,-126,-150,-155,-159,-152,-353,-1931
-334,-751,-741,-198,445,-811,386,-27
-30,-325,175,-182,-256,-6,-176,-459
167,-84,-195,-110,-178,-120,-40,-273
-369,105,-10,-291,-64,83,-441,-441
