9556,10242,162971,115,1926
16774,17978,286047,203,3382
2037,2206,14868,31,406
8,8,19,1,1
4121,8118,12129,1110,151638687
56,-64,-55,-56,-56
18500,18800,290000,240000,1000
15000,16000,282000,0,1234567
2200,2400,15900,-100,1094419572
1800,2000,13900,1068317331,1094419572
10,10,22,23754,128
6,6,18,9000000,128
100,0,0,0,0
0,-100,-100,100,1767078897
4003,8000,12000,1058,10050
5,5,19,17552,1118673
5,0,0,1068191158,32
0,5,21,0,1
4075,8075,12075,0,0

50,-58,-69,-45
56,-76,-92,-62
77,-53,-67,-56
60,-58,-67,-49
73,-64,-67,-36
88,-59,-62,-51
63,-69,-39,-68
60,-64,-78,-58
43,-63,-66,-35
58,-58,-40,-45
61,-68,-95,-67
57,-64,-67,-66
61,-67,-38,-64
66,-65,-65,-56
67,-66,-69,-74
41,-39,-45,-61
62,-70,-38,-47
64,-81,-58,-57
58,-73,-59,-71
41,-67,-26,-66
51,-83,-47,-54
73,-80,-84,-61
63,-74,-40,-60
23,-56,-19,-62
45,-65,-40,-44
54,-87,-43,-52
64,-77,-48,-70
50,-49,-41,-64
60,-66,-64,-49
78,-68,-69,-40
86,-61,-62,-57
58,-48,-33,-75
59,-34,78,-40
64,51,510,-59
61,279,1533,-57
72,674,3217,-62
178,1160,5272,-59
392,1610,7341,-69
776,1963,9213,-67
1187,2142,10795,-59
1637,2037,11962,-50
1978,1784,12866,-56
2093,1451,13476,-60
1980,1105,13907,-58
1733,806,14213,-54
1430,531,14414,-62
1123,372,14581,-72
799,238,14680,-60
586,154,14763,-25
430,87,14797,-54
319,32,14813,-74
236,11,14734,-64
184,-20,14284,-52
146,-39,13321,-56
113,-40,11701,-58
102,-35,9743,-56
84,-38,7709,-50
94,-40,5791,-56
99,-45,4262,-54
73,-42,3031,-72
79,-62,2133,-51
95,-65,1474,-70
86,-73,1003,-71
55,-58,734,-52
64,-91,502,-40
62,-100,336,-61
62,-91,206,-71
54,-66,133,-49
54,-82,92,-55
56,-80,57,-55
63,-83,30,-76
62,-56,23,-61
61,-75,10,-41
71,-77,-25,-49
70,-85,-86,-63
76,-76,-120,-68
82,-90,-173,-63
77,-110,-216,-44
48,-115,-243,-51
25,-90,-258,-56
53,-115,-320,-57
52,-113,-281,-49
42,-105,-291,-61
23,-96,-286,-57
27,-101,-289,-26
47,-90,-351,-35
49,-88,-366,-74
32,-93,-392,-69
42,-81,-411,-53
50,-91,-459,-59
29,-102,-487,-67
25,-103,-493,-72


-45,-80,-77,-68,-57,-59,-74,-64
-41,-45,-64,-75,-49,-49,-63,-48
-41,-53,-57,-52,-66,-53,-63,-37
-35,-42,-56,-62,-52,-52,-63,-58
-51,-72,-77,-58,-56,-64,-59,-52
-39,-52,-66,-68,-55,-54,-61,-59
-51,-61,-72,-61,-53,-55,-52,-62
-47,-63,-47,-62,-61,-69,-74,-52
-20,-35,-62,-72,-60,-53,-70,-60
-50,-55,-65,-51,-54,-60,-77,-70
-39,-42,-43,-40,-30,-35,-66,-63
-37,-32,-40,-68,-43,-48,-39,-58
-42,-51,-64,-50,-30,-127,-546,990
-1071,343,-294,187,-274,98,-213,-270
350,-276,-62,-115,-213,187,-140,-57
-199,40,-4,-191,42,-34,-170,-170


1.338,1.340,1.336,1.335,1.340,1.328,1.326,1.325,1.327,1.324
1.323,1.318,1.319,1.316,1.311,1.311,1.300,1.301,1.303,1.310
1.313,1.316,1.317,1.319,1.324,1.333,1.330,1.331,1.324,1.335
1.334,1.345,1.336,1.336,1.344,1.344,1.350,1.352,1.350,1.362
1.364,1.368,1.357,1.356,1.358,1.345,1.344,1.351,1.340,1.342
1.350,1.346,1.346,1.347,1.352,1.359,1.368,1.371,1.380,1.380
1.386,1.386,1.385,1.386,1.388,1.388,1.398,1.392,1.389,1.396
1.398,1.395,1.392,1.393,1.395,1.399,1.407,1.396,1.396,1.404
1.392,1.392,1.389,1.398,1.403,1.410,1.410,1.402,1.403,1.393
1.389,1.390,1.369,1.374,1.379,1.381,1.380,1.383,1.392,1.401
1.405,1.413,1.424,1.432,1.421,1.430,1.436,1.428,1.429,1.428
1.425,1.430,1.434,1.429,1.430,1.429,1.432,1.438,1.437,1.418
1.417,1.416,1.419,1.421,1.423,1.410,1.407,1.403,1.418,1.405
1.402,1.401,1.404,1.401,1.388,1.390,1.389,1.393,1.397,1.385
1.387,1.386,1.395,1.397,1.399,1.400,1.399,1.401,1.409,1.408
1.396,1.401,1.407,1.408,1.412,1.410,1.404,1.407,1.401,1.394
1.388,1.392,1.404,1.397,1.401,1.411,1.403,1.416,1.417,1.421
1.423,1.424,1.431,1.426,1.431,1.435,1.428,1.429,1.430,1.430
1.442,1.437,1.442,1.425,1.422,1.421,1.420,1.412,1.410,1.422
1.426,1.421,1.423,1.415,1.418,1.421,1.422,1.423,1.419,1.416
1.415,1.403,1.395,1.388,1.396,1.398,1.400,1.407,1.419,1.420
1.423,1.431,1.426,1.436,1.438,1.440,1.442,1.434,1.438,1.432
1.423,1.426,1.417,1.423,1.422,1.426,1.427,1.430,1.425,1.443
1.444,1.442,1.445,1.451,1.457,1.454,1.452,1.460,1.450,1.448
1.438,1.437,1.436,1.446,1.439,1.441,1.441,1.435,1.428,1.432
1.430,1.425,1.419,1.423,1.425,1.413,1.429,1.417,1.415,1.425
1.426,1.425,1.424,1.435,1.448,1.448,1.440,1.454,1.461,1.478
1.480,1.483,1.478,1.483,1.474,1.472,1.495,1.490,1.490,1.493
1.484,1.490,1.484,1.492,1.492,1.483,1.483,1.488,1.488,1.482
1.483,1.494,1.492,1.495,1.494,1.494,1.497,1.501,1.502,1.500
1.503,1.506,1.512,1.511,1.520,1.514,1.519,1.508,1.493,1.487
1.484,1.476,1.472,1.479,1.486,1.489,1.495,1.492,1.486,1.490
1.493,1.492,1.494,1.486,1.478,1.480,1.478,1.474,1.471,1.455
1.459,1.457,1.459,1.466,1.465,1.472,1.475,1.463,1.469,1.474
1.487,1.486,1.486,1.480,1.493,1.494,1.491,1.501,1.506,1.492
1.497,1.495,1.498,1.491,1.501,1.505,1.498,1.510,1.516,1.511
1.505,1.500,1.493,1.486,1.488,1.487,1.486,1.474,1.479,1.460
1.460,1.457,1.458,1.457,1.471,1.468,1.454,1.468,1.469,1.466
1.463,1.453,1.461,1.449,1.448,1.448,1.456,1.462,1.472,1.473
1.467,1.464,1.467,1.460,1.459,1.454,1.444,1.454,1.455,1.450
1.442,1.457,1.455,1.450,1.442,1.443,1.427,1.433,1.436,1.443
1.456,1.453,1.460,1.453,1.442,1.441,1.434,1.435,1.435,1.433
1.433,1.429,1.428,1.430,1.435,1.439,1.444,1.447,1.457,1.464
1.452,1.456,1.447,1.443,1.440,1.433,1.437,1.430,1.424,1.424
1.415,1.420,1.416,1.409,1.402,1.404,1.407,1.400,1.396,1.396
1.393,1.395,1.401,1.403,1.386,1.396,1.395,1.396,1.386,1.389
1.394,1.393,1.398,1.398,1.384,1.380,1.381,1.372,1.360,1.351
1.345,1.342,1.347,1.350,1.338,1.341,1.332,1.327,1.332,1.331
1.328,1.332,1.327,1.336,1.338,1.341,1.329,1.321,1.312,1.310
1.316,1.307,1.304,1.307,1.311,1.318,1.327,1.316,1.311,1.322
1.315,1.294,1.290,1.290,1.284,1.284,1.291,1.290,1.301,1.300
1.284,1.288,1.283,1.288,1.287,1.279,1.271,1.278,1.277,1.292
1.293,1.301,1.306,1.306,1.307,1.306,1.304,1.299,1.296,1.295
1.300,1.296,1.304,1.301,1.300,1.297,1.286,1.288,1.296,1.292
1.292,1.282,1.289,1.291,1.293,1.285,1.287,1.292,1.303,1.305
1.309,1.305,1.301,1.294,1.296,1.288,1.279,1.267,1.273,1.277
1.282,1.284,1.275,1.274,1.276,1.274,1.275,1.291,1.300,1.306
1.314,1.317,1.309,1.309,1.307,1.299,1.300,1.306,1.297,1.295
1.310,1.322,1.320,1.337,1.345,1.345,1.363,1.364,1.365,1.359
1.355,1.366,1.377,1.386,1.382,1.375,1.380,1.377,1.384,1.378
1.387,1.394,1.393,1.396,1.397,1.393,1.399,1.397,1.385,1.386
1.387,1.383,1.376,1.368,1.377,1.382,1.388,1.375,1.382,1.384
1.384,1.371,1.373,1.371,1.370,1.364,1.361,1.363,1.364,1.357
1.357,1.356,1.350,1.355,1.360,1.362,1.365,1.372,1.370,1.381
1.388,1.402,1.392,1.394,1.391,1.386,1.386,1.382,1.369,1.371
1.367,1.360,1.357,1.357,1.364,1.362,1.363,1.377,1.374,1.366
1.379,1.379,1.374,1.385,1.387,1.394,1.397,1.384,1.373,1.369
1.362,1.351,1.351,1.351,1.349,1.350,1.355,1.346,1.351,1.343
1.336,1.325,1.331,1.307,1.297,1.297,1.284,1.283,1.285,1.288
1.291,1.286,1.279,1.278,1.283,1.285,1.277,1.277,1.273,1.269
1.266,1.265,1.266,1.275,1.275,1.278,1.270,1.272,1.270,1.266
1.282,1.282,1.296,1.297,1.293,1.295,1.300,1.312,1.308,1.294
1.287,1.292,1.292,1.296,1.302,1.301,1.303,1.306,1.304,1.298
1.303,1.300,1.302,1.297,1.301,1.300,1.304,1.308,1.298,1.289
1.283,1.280,1.282,1.277,1.273,1.294,1.286,1.287,1.289,1.289
1.300,1.309,1.311,1.314,1.308,1.312,1.318,1.311,1.316,1.316
1.299,1.302,1.314,1.308,1.310,1.310,1.324,1.328,1.334,1.328
1.329,1.334,1.340,1.336,1.339,1.340,1.339,1.351,1.353,1.354
1.342,1.341,1.331,1.329,1.339,1.338,1.343,1.347,1.347,1.354
1.352,1.351,1.363,1.369,1.367,1.372,1.373,1.379,1.390,1.392
1.394,1.401,1.405,1.402,1.402,1.399,1.397,1.406,1.407,1.406
1.408,1.415,1.414,1.416,1.414,1.417,1.413,1.412,1.414,1.416
1.423,1.423,1.421,1.418,1.411,1.415,1.420,1.419,1.414,1.421
1.419,1.423,1.426,1.424,1.419,1.422,1.419,1.425,1.436,1.434
1.432,1.431,1.441,1.457,1.459,1.441,1.451,1.445,1.450,1.463
1.460,1.461,1.469,1.465,1.471,1.466,1.468,1.465,1.467,1.467
1.475,1.475,1.476,1.487,1.481,1.476,1.459,1.449,1.444,1.447
1.445,1.454,1.452,1.460,1.461,1.460,1.448,1.447,1.439,1.439
1.452,1.455,1.467,1.468,1.457,1.464,1.457,1.464,1.459,1.450
1.450,1.447,1.438,1.426,1.421,1.418,1.416,1.411,1.404,1.405
1.402,1.395,1.399,1.393,1.399,1.397,1.401,1.395,1.406,1.407
1.389,1.389,1.373,1.375,1.374,1.376,1.385,1.385,1.385,1.392
1.396,1.401,1.406,1.406,1.403,1.402,1.398,1.401,1.412,1.407
1.401,1.401,1.398,1.406,1.415,1.413,1.407,1.401,1.390,1.386
1.390,1.387,1.374,1.368,1.366,1.376,1.370,1.375,1.371,1.372
1.363,1.356,1.345,1.352,1.343,1.340,1.354,1.360,1.355,1.360
1.352,1.350,1.352,1.341,1.355,1.353,1.352,1.362,1.356,1.364
1.371,1.371,1.374,1.367,1.363,1.383,1.393,1.381,1.378,1.383
1.371,1.362,1.361,1.367,1.378,1.376,1.378,1.376,1.371,1.370
1.369,1.371,1.362,1.361,1.363,1.360,1.361,1.367,1.358,1.353
