9602,10293,163248,66,5146
16854,18067,286533,117,9033
2011,2207,14927,15,485
8,8,19,1,11
4121,8118,12129,1104,184694850
51,-56,-56,-64,-80
18500,18800,290000,240000,1000
15000,16000,282000,0,1234567
2200,2400,15900,-100,1094419572
1800,2000,13900,1068204062,1094419572
10,10,22,23517,128
6,6,18,9000000,128
100,0,0,0,0
0,-100,-100,100,1766381243
4003,8000,12000,1058,10050
5,5,19,17552,418343
5,0,0,0,32
0,5,21,0,1
4075,8075,12075,0,0

54,-60,-64,-88
46,-52,-77,-82
66,-54,-52,-56
48,-59,-86,-59
58,-43,-50,-52
48,-44,-33,-61
40,-56,-24,-48
62,-80,-109,-67
43,-61,-68,-69
41,-40,-27,-75
41,-65,-60,-57
58,-80,-75,-74
62,-47,-26,-64
55,-53,-25,-67
47,-53,-47,-44
65,-63,-42,-66
57,-65,-46,-73
36,-54,-58,-84
37,-54,-51,-54
66,-62,-39,-67
45,-61,-62,-80
53,-60,-65,-79
48,-61,-54,-65
66,-59,-53,-61
58,-56,-81,-62
42,-37,-49,-46
51,-40,-47,-51
69,-74,-72,-61
58,-70,-84,-70
58,-47,-53,-73
49,-55,-59,-67
63,-65,-60,-76
77,-42,62,-89
57,77,543,-75
68,305,1560,-56
85,690,3249,-68
189,1164,5295,-79
376,1651,7350,-52
777,1985,9216,-69
1234,2151,10826,-65
1655,2036,12008,-69
1950,1777,12896,-74
2062,1463,13510,-49
1985,1097,13932,-67
1739,818,14240,-71
1401,564,14438,-55
1113,391,14610,-59
815,230,14706,-64
605,157,14781,-78
417,98,14863,-71
310,46,14871,-56
228,14,14772,-65
177,-21,14321,-87
123,-8,13326,-82
97,-19,11709,-60
108,-38,9703,-80
85,-44,7678,-78
58,-27,5786,-72
84,-26,4258,-59
90,-46,3024,-68
79,-59,2140,-71
83,-76,1468,-66
87,-76,1008,-57
79,-75,719,-62
77,-92,478,-65
58,-85,332,-73
52,-76,199,-73
62,-73,127,-78
63,-63,94,-72
59,-55,68,-64
51,-33,40,-60
69,-52,19,-70
59,-41,-2,-87
53,-44,-42,-74
56,-67,-80,-56
66,-75,-129,-66
56,-87,-176,-87
44,-80,-219,-94
35,-91,-246,-78
25,-86,-279,-70
28,-109,-326,-80
27,-92,-275,-61
19,-96,-272,-52
13,-94,-298,-54
22,-83,-308,-67
19,-55,-308,-86
37,-83,-346,-73
52,-97,-407,-59
64,-94,-415,-70
14,-66,-442,-62
17,-83,-479,-51
41,-84,-506,-61


-47,-93,-142,-32,-61,-108,-97,-46
-18,-93,-113,-67,-91,-95,-86,-60
-94,-62,-99,-64,-116,-123,-78,-66
-106,-68,-118,-79,-11,-148,-98,-54
2,-111,-102,-66,-63,-123,-43,-79
-45,-70,-95,-75,-76,-44,-94,-101
-24,-91,-102,-112,31,-110,-240,-105
-77,-19,-98,-121,-9,-84,-19,-80
-33,17,40,-52,-194,-140,-118,-104
-127,-157,-90,-79,-81,-62,-79,-61
-87,-84,-126,-109,-13,10,-125,-75
2,-91,-100,-23,-8,-133,-161,-139
-75,63,202,381,534,716,814,935
878,770,617,405,165,-25,-138,-178
-219,-231,-187,-98,-36,-6,-4,19
28,-5,-44,-170,-210,-269,-377,-377


0.000,1.339,1.339,1.339,1.351,1.352,1.355,1.363,1.357,1.363
1.368,1.368,1.368,1.364,1.366,1.365,1.365,1.361,1.361,1.365
1.362,1.354,1.353,1.359,1.355,1.357,1.332,1.343,1.339,1.333
1.328,1.335,1.334,1.337,1.337,1.338,1.339,1.352,1.348,1.352
1.359,1.357,1.352,1.351,1.356,1.360,1.356,1.361,1.362,1.357
1.354,1.356,1.356,1.356,1.358,1.352,1.354,1.358,1.364,1.350
1.364,1.355,1.351,1.341,1.333,1.332,1.330,1.335,1.336,1.339
1.341,1.336,1.342,1.335,1.332,1.329,1.325,1.343,1.344,1.340
0.000,0.000,0.000,0.000,0.000,0.000,0.000,0.000,0.000,0.000
0.000,0.000,0.000,0.000,0.000,0.000,0.000,0.000,0.000,0.000
0.000,0.000,0.000,0.000,0.000,0.000,0.000,0.000,0.000,0.000
0.000,0.000,0.000,0.000,0.000,0.000,0.000,0.000,0.000,0.000
0.000,0.000,0.000,0.000,0.000,0.000,0.000,0.000,0.000,0.000
0.000,0.000,0.000,0.000,0.000,0.000,0.000,0.000,0.000,0.000
0.000,0.000,0.000,0.000,0.000,0.000,0.000,0.000,0.000,0.000
0.000,0.000,0.000,0.000,0.000,0.000,0.000,0.000,0.000,0.000
0.000,0.000,0.000,0.000,0.000,0.000,0.000,0.000,0.000,0.000
0.000,0.000,0.000,0.000,0.000,0.000,0.000,0.000,0.000,0.000
0.000,0.000,0.000,0.000,0.000,0.000,0.000,0.000,0.000,0.000
0.000,0.000,0.000,0.000,0.000,0.000,0.000,0.000,0.000,0.000
0.000,0.000,0.000,0.000,0.000,0.000,0.000,0.000,0.000,0.000
0.000,0.000,0.000,0.000,0.000,0.000,0.000,0.000,0.000,0.000
0.000,0.000,0.000,0.000,0.000,0.000,0.000,0.000,0.000,0.000
0.000,0.000,0.000,0.000,0.000,0.000,0.000,0.000,0.000,0.000
0.000,0.000,0.000,0.000,0.000,0.000,0.000,0.000,0.000,0.000
0.000,0.000,0.000,0.000,0.000,0.000,0.000,0.000,0.000,0.000
0.000,0.000,0.000,0.000,0.000,0.000,0.000,0.000,0.000,0.000
0.000,0.000,0.000,0.000,0.000,0.000,0.000,0.000,0.000,0.000
0.000,0.000,0.000,0.000,0.000,0.000,0.000,0.000,0.000,0.000
0.000,0.000,0.000,0.000,0.000,0.000,0.000,0.000,0.000,0.000
0.000,0.000,0.000,0.000,0.000,0.000,0.000,0.000,0.000,0.000
0.000,0.000,0.000,0.000,0.000,0.000,0.000,0.000,0.000,0.000
0.000,0.000,0.000,0.000,0.000,0.000,0.000,0.000,0.000,0.000
0.000,0.000,0.000,0.000,0.000,0.000,0.000,0.000,0.000,0.000
0.000,0.000,0.000,0.000,0.000,0.000,0.000,0.000,0.000,0.000
0.000,0.000,0.000,0.000,0.000,0.000,0.000,0.000,0.000,0.000
0.000,0.000,0.000,0.000,0.000,0.000,0.000,0.000,0.000,0.000
0.000,0.000,0.000,0.000,0.000,0.000,0.000,0.000,0.000,0.000
0.000,0.000,0.000,0.000,0.000,0.000,0.000,0.000,0.000,0.000
0.000,0.000,0.000,0.000,0.000,0.000,0.000,0.000,0.000,0.000
0.000,0.000,0.000,0.000,0.000,0.000,0.000,0.000,0.000,0.000
0.000,0.000,0.000,0.000,0.000,0.000,0.000,0.000,0.000,0.000
0.000,0.000,0.000,0.000,0.000,0.000,0.000,0.000,0.000,0.000
0.000,0.000,0.000,0.000,0.000,0.000,0.000,0.000,0.000,0.000
0.000,0.000,0.000,0.000,0.000,0.000,0.000,0.000,0.000,0.000
0.000,0.000,0.000,0.000,0.000,0.000,0.000,0.000,0.000,0.000
0.000,0.000,0.000,0.000,0.000,0.000,0.000,0.000,0.000,0.000
0.000,0.000,0.000,0.000,0.000,0.000,0.000,0.000,0.000,0.000
0.000,0.000,0.000,0.000,0.000,0.000,0.000,0.000,0.000,0.000
0.000,0.000,0.000,0.000,0.000,0.000,0.000,0.000,0.000,0.000
0.000,0.000,0.000,0.000,0.000,0.000,0.000,0.000,0.000,0.000
0.000,0.000,0.000,0.000,0.000,0.000,0.000,0.000,0.000,0.000
0.000,0.000,0.000,0.000,0.000,0.000,0.000,0.000,0.000,0.000
0.000,0.000,0.000,0.000,0.000,0.000,0.000,0.000,0.000,0.000
0.000,0.000,0.000,0.000,0.000,0.000,0.000,0.000,0.000,0.000
0.000,0.000,0.000,0.000,0.000,0.000,0.000,0.000,0.000,0.000
0.000,0.000,0.000,0.000,0.000,0.000,0.000,0.000,0.000,0.000
0.000,0.000,0.000,0.000,0.000,0.000,0.000,0.000,0.000,0.000
0.000,0.000,0.000,0.000,0.000,0.000,0.000,0.000,0.000,0.000
0.000,0.000,0.000,0.000,0.000,0.000,0.000,0.000,0.000,0.000
0.000,0.000,0.000,0.000,0.000,0.000,0.000,0.000,0.000,0.000
0.000,0.000,0.000,0.000,0.000,0.000,0.000,0.000,0.000,0.000
0.000,0.000,0.000,0.000,0.000,0.000,0.000,0.000,0.000,0.000
0.000,0.000,0.000,0.000,0.000,0.000,0.000,0.000,0.000,0.000
0.000,0.000,0.000,0.000,0.000,0.000,0.000,0.000,0.000,0.000
0.000,0.000,0.000,0.000,0.000,0.000,0.000,0.000,0.000,0.000
0.000,0.000,0.000,0.000,0.000,0.000,0.000,0.000,0.000,0.000
0.000,0.000,0.000,0.000,0.000,0.000,0.000,0.000,0.000,0.000
0.000,0.000,0.000,0.000,0.000,0.000,0.000,0.000,0.000,0.000
0.000,0.000,0.000,0.000,0.000,0.000,0.000,0.000,0.000,0.000
0.000,0.000,0.000,0.000,0.000,0.000,0.000,0.000,0.000,0.000
0.000,0.000,0.000,0.000,0.000,0.000,0.000,0.000,0.000,0.000
0.000,0.000,0.000,0.000,0.000,0.000,0.000,0.000,0.000,0.000
0.000,0.000,0.000,0.000,0.000,0.000,0.000,0.000,0.000,0.000
0.000,0.000,0.000,0.000,0.000,0.000,0.000,0.000,0.000,0.000
0.000,0.000,0.000,0.000,0.000,0.000,0.000,0.000,0.000,0.000
0.000,0.000,0.000,0.000,0.000,0.000,0.000,0.000,0.000,0.000
0.000,0.000,0.000,0.000,0.000,0.000,0.000,0.000,0.000,0.000
0.000,0.000,0.000,0.000,0.000,0.000,0.000,0.000,0.000,0.000
0.000,0.000,0.000,0.000,0.000,0.000,0.000,0.000,0.000,0.000
0.000,0.000,0.000,0.000,0.000,0.000,0.000,0.000,0.000,0.000
0.000,0.000,0.000,0.000,0.000,0.000,0.000,0.000,0.000,0.000
0.000,0.000,0.000,0.000,0.000,0.000,0.000,0.000,0.000,0.000
0.000,0.000,0.000,0.000,0.000,0.000,0.000,0.000,0.000,0.000
0.000,0.000,0.000,0.000,0.000,0.000,0.000,0.000,0.000,0.000
0.000,0.000,0.000,0.000,0.000,0.000,0.000,0.000,0.000,0.000
0.000,0.000,0.000,0.000,0.000,0.000,0.000,0.000,0.000,0.000
0.000,0.000,0.000,0.000,0.000,0.000,0.000,0.000,0.000,0.000
0.000,0.000,0.000,0.000,0.000,0.000,0.000,0.000,0.000,0.000
0.000,0.000,0.000,0.000,0.000,0.000,0.000,0.000,0.000,0.000
0.000,0.000,0.000,0.000,0.000,0.000,0.000,0.000,0.000,0.000
0.000,0.000,0.000,0.000,0.000,0.000,0.000,0.000,0.000,0.000
0.000,0.000,0.000,0.000,0.000,0.000,0.000,0.000,0.000,0.000
0.000,0.000,0.000,0.000,0.000,0.000,0.000,0.000,0.000,0.000
0.000,0.000,0.000,0.000,0.000,0.000,0.000,0.000,0.000,0.000
0.000,0.000,0.000,0.000,0.000,0.000,0.000,0.000,0.000,0.000
0.000,0.000,0.000,0.000,0.000,0.000,0.000,0.000,0.000,0.000
0.000,0.000,0.000,0.000,0.000,0.000,0.000,0.000,0.000,0.000
0.000,0.000,0.000,0.000,0.000,0.000,0.000,0.000,0.000,0.000
0.000,0.000,0.000,0.000,0.000,0.000,0.000,0.000,0.000,0.000
