9632,10283,163404,63,4881
16907,18050,286807,112,8568
2052,2214,14909,26,724
8,8,19,1,1
4121,8118,12128,1102,103847464
51,-52,-54,-61,-51
18500,18800,290000,240000,1000
15000,16000,282000,0,1234567
2200,2400,15900,-100,1094419572
1800,2000,13900,1067836057,1094419572
10,10,22,22747,128
6,6,18,9000000,128
100,0,0,0,0
0,-100,-100,100,1766380327
4003,8000,12000,1058,11049
5,5,19,17552,417424
5,0,0,1067799256,32
0,5,21,0,1
4075,8075,12075,0,0

51,-42,-49,-47
73,-65,-75,-56
62,-51,-47,-66
53,-55,-67,-80
59,-59,-71,-50
66,-58,-52,-48
38,-68,-21,-61
31,-30,-72,-68
64,-35,-56,-44
67,-69,-12,-66
61,-59,-59,-63
75,-66,-81,-61
74,-51,-38,-71
70,-55,-57,-52
42,-86,-79,-63
31,-17,-30,-56
46,-57,-58,-46
67,-65,-76,-68
67,-60,-65,-76
52,-47,-28,-48
31,-56,-63,-59
57,-54,-82,-65
61,-49,-47,-80
34,-39,-10,-72
34,-45,-60,-58
39,-36,-50,-58
51,-59,-42,-71
49,-44,-49,-77
62,-65,-63,-63
66,-78,-51,-74
65,-86,-60,-70
47,-61,-45,-75
72,-44,72,-50
70,66,517,-53
65,300,1551,-69
66,702,3253,-80
193,1172,5299,-68
407,1635,7380,-79
808,1976,9246,-68
1221,2162,10863,-60
1655,2065,12040,-35
1990,1806,12914,-63
2103,1481,13524,-73
1990,1124,13954,-66
1724,831,14252,-49
1415,545,14453,-63
1099,390,14599,-78
788,255,14705,-67
586,147,14786,-53
418,90,14855,-70
315,36,14854,-71
226,18,14778,-66
183,-15,14335,-58
152,-26,13344,-84
117,-28,11745,-84
94,-33,9760,-78
78,-19,7736,-53
78,-27,5799,-66
78,-24,4247,-64
66,-17,3046,-67
84,-36,2138,-64
88,-57,1482,-60
89,-65,1016,-63
59,-52,735,-63
60,-73,477,-53
55,-82,306,-53
54,-78,182,-66
60,-54,111,-71
51,-61,63,-68
55,-57,50,-67
58,-67,26,-76
59,-42,44,-69
55,-56,17,-66
45,-71,-24,-71
37,-70,-79,-76
36,-79,-87,-57
71,-79,-165,-66
72,-87,-211,-78
59,-86,-254,-84
26,-67,-262,-79
27,-93,-303,-65
34,-95,-283,-74
24,-98,-283,-74
5,-93,-305,-59
28,-94,-297,-55
33,-84,-330,-64
33,-85,-345,-79
14,-84,-383,-88
38,-79,-422,-55
40,-92,-462,-69
28,-87,-474,-60
38,-77,-494,-65


-55,-61,-78,-74,-52,-54,-49,-67
-55,-58,-73,-49,-38,-44,-49,-56
-51,-69,-68,-59,-44,-51,-56,-57
-47,-63,-79,-68,-37,-56,-60,-45
-58,-61,-76,-52,-51,-54,-78,-68
-50,-41,-52,-56,-48,-55,-60,-57
-51,-58,-61,-50,-31,-48,-49,-56
-45,-54,-62,-65,-48,-45,-57,-62
-43,-45,-66,-55,-50,-60,-50,-40
-37,-53,-62,-38,-41,-65,-88,-83
-54,-47,-58,-54,-38,-51,-47,-57
-57,-52,-63,-60,-47,-54,64,-508
222,811,-1496,573,788,-954,-873,1118
-282,22,-11,-597,329,223,-238,286
-1050,673,-72,-378,79,-509,751,-280
67,127,-612,17,28,470,-514,-514


1.292,1.289,1.280,1.280,1.296,1.302,1.303,1.303,1.301,1.293
1.293,1.298,1.298,1.287,1.284,1.273,1.269,1.269,1.269,1.271
1.279,1.278,1.293,1.299,1.299,1.319,1.319,1.325,1.324,1.318
1.318,1.323,1.323,1.320,1.324,1.326,1.326,1.321,1.321,1.315
1.316,1.315,1.315,1.314,1.314,1.305,1.306,1.317,1.330,1.330
1.330,1.330,1.330,1.323,1.320,1.318,1.319,1.319,1.309,1.309
1.319,1.322,1.325,1.323,1.311,1.311,1.306,1.306,1.305,1.307
1.299,1.292,1.292,1.298,1.298,1.296,1.295,1.294,1.292,1.289
1.291,1.302,1.300,1.299,1.292,1.287,1.287,1.294,1.294,1.292
1.294,1.294,1.302,1.304,1.304,1.317,1.316,1.308,1.313,1.319
1.319,1.317,1.317,1.303,1.303,1.307,1.307,1.315,1.312,1.312
1.313,1.324,1.326,1.326,1.322,1.322,1.319,1.330,1.328,1.328
1.328,1.336,1.336,1.343,1.341,1.335,1.329,1.326,1.320,1.320
1.320,1.338,1.341,1.341,1.341,1.341,1.326,1.317,1.319,1.319
1.319,1.328,1.328,1.326,1.320,1.322,1.322,1.332,1.332,1.326
1.331,1.343,1.338,1.338,1.335,1.335,1.328,1.348,1.350,1.350
1.349,1.349,1.329,1.329,1.326,1.320,1.320,1.332,1.334,1.346
1.347,1.340,1.338,1.341,1.346,1.346,1.354,1.354,1.346,1.343
1.343,1.351,1.351,1.349,1.331,1.344,1.333,1.338,1.338,1.349
1.349,1.347,1.351,1.347,1.347,1.335,1.335,1.338,1.330,1.330
1.328,1.328,1.341,1.345,1.342,1.339,1.341,1.341,1.343,1.346
1.348,1.348,1.349,1.346,1.347,1.343,1.339,1.341,1.341,1.342
1.339,1.348,1.348,1.342,1.337,1.337,1.338,1.338,1.337,1.336
1.336,1.337,1.331,1.334,1.336,1.327,1.318,1.313,1.311,1.306
1.301,1.301,1.299,1.297,1.290,1.282,1.283,1.294,1.288,1.282
1.289,1.284,1.277,1.290,1.294,1.292,1.294,1.285,1.293,1.299
1.281,1.287,1.286,1.284,1.289,1.291,1.291,1.282,1.301,1.299
1.305,1.300,1.301,1.291,1.277,1.277,1.280,1.274,1.253,1.240
1.238,1.239,1.242,1.242,1.254,1.248,1.253,1.252,1.244,1.241
1.242,1.239,1.234,1.236,1.244,1.243,1.235,1.235,1.239,1.228
1.240,1.248,1.235,1.239,1.246,1.256,1.257,1.257,1.268,1.271
1.260,1.266,1.265,1.262,1.260,1.252,1.246,1.248,1.252,1.247
1.252,1.254,1.252,1.252,1.248,1.249,1.248,1.249,1.252,1.248
1.251,1.246,1.246,1.239,1.234,1.243,1.247,1.245,1.244,1.250
1.243,1.242,1.248,1.247,1.247,1.250,1.250,1.246,1.256,1.263
1.251,1.248,1.250,1.260,1.262,1.259,1.250,1.252,1.252,1.246
1.253,1.253,1.245,1.236,1.244,1.250,1.247,1.252,1.246,1.243
1.235,1.235,1.221,1.228,1.221,1.217,1.219,1.228,1.223,1.231
1.233,1.242,1.240,1.259,1.271,1.274,1.263,1.254,1.265,1.260
1.253,1.264,1.272,1.274,1.275,1.284,1.281,1.271,1.271,1.276
1.273,1.265,1.269,1.259,1.249,1.253,1.251,1.248,1.246,1.244
1.234,1.226,1.221,1.220,1.211,1.216,1.218,1.223,1.228,1.237
1.232,1.236,1.245,1.240,1.248,1.247,1.242,1.247,1.249,1.248
1.243,1.249,1.243,1.257,1.263,1.272,1.267,1.261,1.265,1.275
1.272,1.284,1.288,1.286,1.286,1.293,1.287,1.289,1.287,1.282
1.269,1.268,1.270,1.269,1.269,1.267,1.275,1.271,1.273,1.290
1.316,1.310,1.309,1.314,1.316,1.312,1.313,1.303,1.304,1.301
1.309,1.318,1.307,1.308,1.307,1.312,1.307,1.302,1.309,1.304
1.309,1.313,1.327,1.302,1.285,1.286,1.298,1.314,1.307,1.310
1.313,1.308,1.312,1.307,1.311,1.325,1.314,1.317,1.314,1.317
1.320,1.320,1.314,1.317,1.319,1.316,1.309,1.307,1.308,1.313
1.318,1.328,1.335,1.342,1.349,1.345,1.355,1.354,1.349,1.340
1.339,1.333,1.332,1.340,1.333,1.329,1.331,1.331,1.327,1.324
1.337,1.333,1.341,1.332,1.330,1.329,1.328,1.327,1.326,1.317
1.320,1.314,1.313,1.313,1.311,1.302,1.305,1.309,1.325,1.324
1.331,1.333,1.336,1.344,1.336,1.335,1.331,1.332,1.329,1.319
1.296,1.305,1.308,1.310,1.305,1.309,1.321,1.322,1.322,1.329
1.341,1.337,1.344,1.336,1.346,1.343,1.348,1.347,1.339,1.337
1.327,1.317,1.310,1.313,1.314,1.315,1.310,1.293,1.286,1.282
1.279,1.273,1.267,1.269,1.265,1.246,1.253,1.257,1.266,1.264
1.263,1.276,1.283,1.284,1.285,1.293,1.302,1.300,1.304,1.305
1.304,1.291,1.288,1.283,1.281,1.281,1.298,1.294,1.302,1.300
1.304,1.304,1.296,1.286,1.293,1.292,1.293,1.293,1.303,1.300
1.294,1.300,1.299,1.300,1.301,1.300,1.295,1.297,1.299,1.307
1.319,1.325,1.321,1.328,1.329,1.332,1.335,1.341,1.333,1.326
1.326,1.339,1.336,1.334,1.327,1.324,1.320,1.322,1.324,1.332
1.340,1.335,1.346,1.347,1.347,1.336,1.339,1.337,1.345,1.343
1.331,1.336,1.339,1.342,1.330,1.332,1.339,1.341,1.341,1.354
1.359,1.354,1.347,1.347,1.348,1.340,1.329,1.329,1.343,1.337
1.333,1.341,1.349,1.349,1.349,1.351,1.358,1.360,1.357,1.361
1.361,1.352,1.342,1.346,1.347,1.346,1.339,1.337,1.327,1.322
1.322,1.329,1.333,1.340,1.352,1.350,1.334,1.339,1.336,1.335
1.336,1.340,1.348,1.358,1.354,1.361,1.357,1.363,1.349,1.352
1.356,1.356,1.358,1.354,1.357,1.363,1.367,1.379,1.377,1.369
1.362,1.357,1.366,1.361,1.368,1.369,1.373,1.360,1.361,1.368
1.370,1.356,1.374,1.363,1.375,1.380,1.389,1.396,1.400,1.387
1.386,1.390,1.384,1.390,1.398,1.395,1.388,1.397,1.407,1.407
1.411,1.412,1.414,1.415,1.414,1.409,1.413,1.410,1.415,1.409
1.402,1.405,1.410,1.415,1.421,1.422,1.427,1.432,1.419,1.421
1.422,1.417,1.404,1.409,1.408,1.422,1.413,1.409,1.408,1.407
1.406,1.407,1.413,1.406,1.412,1.412,1.420,1.429,1.431,1.432
1.434,1.432,1.425,1.422,1.407,1.403,1.397,1.399,1.395,1.412
1.409,1.404,1.401,1.391,1.387,1.397,1.400,1.399,1.402,1.407
1.400,1.403,1.398,1.403,1.407,1.400,1.403,1.384,1.390,1.386
1.383,1.381,1.378,1.378,1.370,1.376,1.366,1.371,1.372,1.375
1.374,1.377,1.380,1.406,1.401,1.404,1.400,1.387,1.386,1.388
1.386,1.393,1.395,1.389,1.380,1.379,1.368,1.374,1.358,1.359
1.359,1.363,1.360,1.357,1.358,1.363,1.357,1.363,1.374,1.368
1.388,1.399,1.400,1.396,1.412,1.411,1.420,1.425,1.426,1.426
1.428,1.441,1.442,1.445,1.438,1.435,1.441,1.440,1.439,1.433
1.432,1.431,1.434,1.434,1.429,1.422,1.421,1.414,1.425,1.422
1.423,1.428,1.435,1.431,1.431,1.444,1.435,1.431,1.446,1.433
1.434,1.435,1.437,1.441,1.439,1.423,1.429,1.420,1.427,1.423
1.423,1.414,1.410,1.410,1.402,1.403,1.390,1.387,1.380,1.389
1.403,1.399,1.394,1.391,1.396,1.395,1.404,1.403,1.393,1.397
1.389,1.381,1.366,1.346,1.343,1.338,1.333,1.344,1.340,1.340
1.336,1.326,1.319,1.314,1.318,1.323,1.332,1.322,1.332,1.333
1.341,1.332,1.333,1.339,1.341,1.343,1.332,1.324,1.310,1.315
1.299,1.307,1.317,1.314,1.296,1.298,1.289,1.291,1.292,1.291
1.301,1.291,1.289,1.280,1.308,1.299,1.286,1.288,1.290,1.296
